0.00374897687 -0.1370783544 -0.06378804621 0
0.003434945438 -0.1342808192 -0.06549197071 0.6354029045
0.003137462881 -0.131450257 -0.06714313764 0.6641785245
0.002715841074 -0.1281184464 -0.06778739473 0.7091218147
0.00226453077 -0.124725956 -0.06789839357 0.7506116896
0.001806208919 -0.12133403 -0.06776440108 0.7854733865
0.001343195157 -0.1179485079 -0.06751963249 0.8089702966
0.0008742073635 -0.1145678195 -0.06722289209 0.8140269773
0.0004014758472 -0.1111903537 -0.06689701953 0.7975833112
-6.765857971e-05 -0.1078146757 -0.06654971991 0.7684208423
-0.000523336344 -0.1044391492 -0.06618619949 0.7480070041
-0.0009570449821 -0.1010617637 -0.06581700498 0.7580210895
-0.001362774447 -0.09768010409 -0.06546028297 0.7932488875
-0.001734646616 -0.09429184938 -0.06513673629 0.8308577148
-0.002064522795 -0.09089578681 -0.0648595948 0.8486343289
-0.00234293099 -0.08749237053 -0.06462709049 0.8446966475
-0.002561952789 -0.08408324706 -0.06442396045 0.8315326498
-0.002717186753 -0.08067043348 -0.0642304094 0.820796489
-0.002809283005 -0.07725580346 -0.06403151805 0.8177541423
-0.002845749678 -0.07384072916 -0.06382185239 0.8285571896
-0.002840820026 -0.07042575326 -0.06360477587 0.8442142215
-0.002801825951 -0.06696636657 -0.0633743268 0.8547188294
-0.002742102551 -0.06350744586 -0.06313719121 0.8563164913
-0.002669043894 -0.06004914172 -0.06289024436 0.8575661513
-0.002586920127 -0.05659198338 -0.06262591263 0.8654975177
-0.002500448489 -0.05313652272 -0.0623377609 0.8774080242
-0.002416001747 -0.04968292127 -0.06202483303 0.884831142
-0.002338973397 -0.04623081765 -0.06169233929 0.884172631
-0.002268621301 -0.04277950664 -0.06134983427 0.8764226091
-0.002192591827 -0.03932818009 -0.06100976363 0.8608040962
-0.00208084417 -0.03588188124 -0.06068990111 0.7695402544
-0.002221409526 -0.03239086758 -0.06018261468 0.7094533579
-0.00244489815 -0.02891344837 -0.05963065282 0.7281033851
-0.002668299331 -0.02544081748 -0.05909149978 0.8293881305
-0.002832102427 -0.02196770161 -0.05860466266 0.9831699195
-0.002901551636 -0.01849008393 -0.05821212698 1.117583794
-0.002879807597 -0.01500549644 -0.05794859882 1.167563363
-0.002788729992 -0.0115145676 -0.05783114187 1.119585922
-0.002617380959 -0.008023059423 -0.05787544421 1.012566692
-0.002269800578 -0.004551497451 -0.05813074193 0.8883655689
-0.001514435305 -0.001191667469 -0.05874199771 0.7919609968
4.105483904e-05 0.001642726252 -0.06003114672 0.8079607075
0.002644001483 0.003284961751 -0.06172817159 0.6671874952
0.004823308693 0.005892472578 -0.0626488646 0.5900122839
0.006563751008 0.00894068804 -0.06305210165 0.4552381829
0.007954235067 0.01218831679 -0.06322779329 0.2441111354
0.00911272082 0.01553248897 -0.0632547866 0.02943986202
0.01016329637 0.01891010105 -0.06311760494 -0.1378333351
0.01120182323 0.02228116435 -0.06280488928 -0.2471130192
0.01226945768 0.02562992661 -0.06235760299 -0.3418275995
0.01334583652 0.02896841009 -0.06185607742 -0.4532996036
0.01438676635 0.03232005651 -0.06138272934 -0.5747409563
0.01536511205 0.03569743255 -0.06098473249 -0.699442342
0.01627495622 0.03909895395 -0.06065888269 -0.8343909909
0.01711365846 0.0425189133 -0.06037131138 -0.9753698986
0.01787002913 0.04595396524 -0.06009272312 -1.073337309
0.01853635369 0.0494011231 -0.05982366233 -1.064803748
0.01914330677 0.05285108617 -0.05959985658 -0.8714610885
0.01978588304 0.05628252702 -0.05947015217 -0.4062189728
0.02059866081 0.05966081229 -0.0594449173 0.3173532746
0.02167193983 0.06295290516 -0.05946241403 1.090085437
0.02298754121 0.0661556326 -0.05943680719 1.661595374
0.02445115671 0.06930040301 -0.05933257578 1.945759268
0.02595480131 0.07243469931 -0.05919181007 2.008011263
0.02739982965 0.07560458485 -0.05914553488 2.059183373
0.02876060776 0.07878783858 -0.05911745584 2.117467974
0.0301248753 0.08196692815 -0.05895612714 2.146576075
0.03147373535 0.0851296696 -0.05851284905 2.122168542
0.03275865757 0.08820045818 -0.05754062088 2.026276644
0.03386432723 0.09077110289 -0.05552384486 1.859549486
0.03430051013 0.09146345278 -0.05226114722 1.783347928
0.03354395299 0.08906996046 -0.05006101857 1.771531993
0.0321564482 0.0854969031 -0.04987606562 1.715458894
0.03077626327 0.08193147309 -0.05032564005 1.659858118
0.02943952559 0.0783669055 -0.05092974803 1.718463788
0.02812706449 0.07479429724 -0.05157004788 1.948236758
0.02680485182 0.07122278286 -0.05221359184 2.288858694
0.02545468844 0.06766066412 -0.05285992726 2.621294868
0.02408753469 0.06410612087 -0.05351660276 2.856546092
0.02273094722 0.06055036041 -0.05418221441 2.979461498
0.02140603122 0.05698391606 -0.05483348286 3.027582142
0.02010335057 0.05340593837 -0.05543810137 3.053918199
0.01878285398 0.04983130178 -0.05599955155 3.098483141
0.01741480943 0.04627977407 -0.05656771862 3.177396291
0.01601033219 0.04275610558 -0.05717590615 3.30494711
0.01460412218 0.03924839797 -0.05780876921 3.512048246
0.01324565891 0.03573676778 -0.0584469839 3.734393785
0.01197217789 0.03220124677 -0.05906744046 3.882354504
0.01074055181 0.02864625725 -0.05962901923 3.956345192
0.009462605775 0.02510429342 -0.06014399882 3.994726488
0.00812968788 0.02159233725 -0.06068122081 3.987197647
0.006810014117 0.01809073379 -0.06125910713 3.81296493
0.005509261156 0.01458886756 -0.0618293706 3.390537864
0.004113244086 0.01111910238 -0.06232820647 2.730740083
0.002251138442 0.007869264619 -0.0626640842 1.906776683
-0.0002512023501 0.005038798558 -0.06278927373 1.282901625
-0.00210948451 0.001797405909 -0.06260820935 1.020022176
-0.002481571877 -0.001869311562 -0.06176731367 0.8270982549
-0.000713400135 -0.005149231012 -0.06198880944 0.6585994234
0.002067741707 -0.005830354738 -0.06422536982 0.5338690693
0.003613237732 -0.003579094226 -0.06689779625 0.5795643912
0.004383054372 -2.972142172e-05 -0.06809098516 0.6197374059
0.003555260375 0.003543923171 -0.06737707685 0.5331132838
0.0009300633958 0.005902336185 -0.06607522445 0.4440780254
-0.002114297738 0.008050162756 -0.06534059615 0.418128412
-0.003384042605 0.01113311485 -0.06534104069 0.4000156737
-0.004815918199 0.01413914708 -0.06549486019 0.3714346335
-0.006277202743 0.01711812238 -0.06581199357 0.3443399946
-0.007751335866 0.02006753977 -0.06630003395 0.318728809
-0.009219888757 0.02298519543 -0.06696415345 0.2945742575
-0.01066333115 0.02586889585 -0.06780750515 0.2718383804
-0.01206191577 0.02871592193 -0.06883168041 0.2504813172
-0.01339655506 0.03152235998 -0.07003714447 0.2304662843
-0.01464957677 0.03428245805 -0.07142357452 0.2117608379
-0.01580527052 0.0369881551 -0.07299002864 0.1943356159
-0.01685018394 0.03962889505 -0.07473490143 0.1781616394
-0.01777317363 0.04219178343 -0.07665565322 0.1632068471
-0.01856526196 0.04466208811 -0.07874835474 0.1494322894
-0.01921938342 0.04702403828 -0.08100714286 0.1367884826
-0.01973011772 0.04926183094 -0.08342372338 0.1252126239
-0.02009350388 0.05136071831 -0.08598706633 0.1146273735
-0.02030701062 0.05330803047 -0.08868340892 0.1049415874
-0.02036970647 0.05509399113 -0.09149662176 0.09605287751
-0.02028262943 0.05671222226 -0.09440892342 0.08785146431
-0.02004930172 0.05815988682 -0.09740186603 0.0802246923
-0.0196762821 0.05943748684 -0.1004574691 0.0730617535
-0.01917361256 0.0605483799 -0.1035593522 0.06625840514
-0.01855501606 0.06149811389 -0.1066937041 0.0597215155
-0.01783774493 0.06229368789 -0.1098499351 0.05337309265
-0.01704205119 0.06294284527 -0.1130209029 0.04715320441
-0.01619032528 0.06345348718 -0.1162026736 0.04102116882
-0.01530599998 0.0638332542 -0.1193938793 0.03495471166
-0.01441233411 0.06408927886 -0.1225948081 0.02894734012
-0.01353117987 0.06422805541 -0.1258064177 0.02300469885
-0.01268182169 0.0642553443 -0.1290294455 0.01714089283
-0.01187996271 0.06417602497 -0.132263746 0.01137559023
-0.01113693232 0.06399385569 -0.1355079092 0.005732270277
-0.01045918689 0.06371115945 -0.1387591461 0.000237464296
-0.009848160709 0.06332852523 -0.1420133698 -0.005079547186
-0.009300491538 0.06284464277 -0.1452653821 -0.01018722953
-0.008808594988 0.06225638171 -0.148509078 -0.01505293246
-0.008361509957 0.06155916053 -0.1517376124 -0.01964472503
-0.007945900017 0.06074756435 -0.1549435166 -0.02393358295
-0.00754708876 0.05981608867 -0.158118779 -0.02789541184
-0.007150033163 0.05875983517 -0.1612549188 -0.03151250188
-0.006740188537 0.05757500239 -0.1643430542 -0.03477429056
-0.006304272813 0.05625907368 -0.1673739562 -0.03767754669
-0.00583097556 0.05481069866 -0.1703380647 -0.04022614763
-0.00531166201 0.05322935153 -0.1732254657 -0.04243055943
-0.00474108996 0.0515148983 -0.1760258638 -0.04430707857
-0.004118098514 0.04966721435 -0.1787286014 -0.04587694707
-0.003446165272 0.04768596347 -0.18132277 -0.04716555527
-0.002733689714 0.04557060733 -0.1837974246 -0.0482019451
-0.001993863951 0.04332067335 -0.1861418668 -0.04901861754
-0.001244039719 0.04093626424 -0.1883459456 -0.04965127962
-0.0005045791695 0.03841874817 -0.1904003417 -0.05013786707
0.0002027323929 0.03577151207 -0.1922968407 -0.05051621058
0.0008565487456 0.03300060661 -0.1940286425 -0.05082018553
0.001437868559 0.03011508964 -0.1955907469 -0.05107492204
0.001931716402 0.02712691341 -0.1969804118 -0.05129227845
0.002328343432 0.02405030787 -0.1981976063 -0.05146794641
0.00262376861 0.02090075604 -0.199245329 -0.05158114748
0.002819612616 0.0176937778 -0.2001296585 -0.05159709468
0.002922326697 0.0144437855 -0.2008594512 -0.05147158842
0.002942036236 0.01116322962 -0.2014456798 -0.05115661969
0.002891266785 0.007862148065 -0.2019004788 -0.05060580166
0.00278379189 0.004548115009 -0.2022360121 -0.04977877289
0.002633761602 0.0012265063 -0.2024632946 -0.0486442097
0.002455173275 -0.002099035915 -0.202591101 -0.04718154229
0.00226166277 -0.005426041651 -0.2026250761 -0.04538173717
0.002066538447 -0.008752623057 -0.2025671418 -0.0432475284
0.001882952506 -0.01207688334 -0.2024152685 -0.04079330056
0.001724094327 -0.01539632977 -0.2021636423 -0.03804456073
0.001603290972 -0.01870729404 -0.2018032208 -0.03503673702
0.0015339081 -0.02200438658 -0.20132263 -0.03181303569
0.001528966298 -0.02528004895 -0.2007093083 -0.02842130985
0.001600432575 -0.02852430213 -0.1999507708 -0.02491026369
0.001758218922 -0.03172480014 -0.1990358377 -0.02132567037
0.002009010598 -0.03486726833 -0.1979556659 -0.01770743229
0.002355132586 -0.03793632826 -0.1967044435 -0.01408813695
0.002793707517 -0.04091660363 -0.1952796701 -0.01049328615
0.003316336556 -0.04379390127 -0.1936820316 -0.006942790533
0.003909440949 -0.04655621738 -0.1919149745 -0.003452904535
0.00455526506 -0.04919435977 -0.1899841453 -3.775173359e-05
0.005233407065 -0.05170209047 -0.1878968558 0.003290041719
0.005922649849 -0.05407583237 -0.1856616722 0.006519548867
0.006602829117 -0.05631408652 -0.1832881336 0.009642130676
0.007256491572 -0.05841674202 -0.1807865325 0.01265190957
0.007870149512 -0.06038443402 -0.1781676841 0.01554587007
0.008435019636 -0.06221804686 -0.175442643 0.01832364998
0.008947229984 -0.0639184079 -0.1726223966 0.0209872721
0.009407572726 -0.06548618359 -0.1697175967 0.02354105117
0.009820947082 -0.06692196737 -0.1667383898 0.02599177132
0.01019565359 -0.06822652657 -0.1636943664 0.02834910613
0.01054266777 -0.06940113821 -0.1605945997 0.030626216
0.01087495064 -0.07044791058 -0.1574477197 0.03284048047
0.01120678029 -0.07136996936 -0.1542619733 0.03501432245
0.01155303904 -0.07217140973 -0.1510452474 0.0371759905
0.01192838584 -0.07285697977 -0.1478050579 0.03936002196
0.01234628257 -0.0734315431 -0.1445485112 0.04160703271
0.01281791023 -0.07389944131 -0.1412822298 0.04396258561
0.01335108141 -0.07426390956 -0.1380122263 0.04647520431
0.01394930066 -0.07452667162 -0.1347437096 0.04919398806
0.01461112572 -0.07468777635 -0.1314808514 0.05216655663
0.01532993909 -0.07474565168 -0.12822658 0.05543807681
0.01609416525 -0.07469729015 -0.1249824998 0.0590518734
0.01688789277 -0.07453845902 -0.1217490368 0.0630517123
0.01769180763 -0.07426385658 -0.118525865 0.06748539681
0.01848432349 -0.07386719761 -0.1153126091 0.07240896585
0.01924280038 -0.07334127773 -0.1121097418 0.07789061981
0.01994475815 -0.07267810755 -0.1089195373 0.08401356766
0.02056900054 -0.07186920899 -0.1057469072 0.0908772663
0.02109656601 -0.07090612549 -0.102599953 0.09859690213
0.02151142282 -0.06978113682 -0.09949011723 0.1073013073
0.02180084533 -0.06848810393 -0.09643189146 0.117129696
0.02195545243 -0.06702332542 -0.09344212384 0.1282276337
0.02196895229 -0.06538626928 -0.09053903746 0.14074261
0.02183769937 -0.06358005484 -0.0877411122 0.1548195916
0.0215602039 -0.06161159199 -0.08506599097 0.1705970276
0.02113673091 -0.05949133357 -0.08252955461 0.188203843
0.02056908369 -0.05723265597 -0.0801452756 0.2077578265
0.0198606052 -0.05485093862 -0.07792390768 0.229365423
0.01901636803 -0.05236246206 -0.07587351069 0.2531224593
0.01804347483 -0.04978326757 -0.07399974628 0.2791151022
0.01695136631 -0.04712812815 -0.07230633692 0.3074206275
0.01575203059 -0.04440975913 -0.0707955578 0.3381082775
0.01446002534 -0.04163836426 -0.06946864373 0.3712410311
0.01309225558 -0.03882156102 -0.06832602665 0.4068788742
0.01166749039 -0.03596466899 -0.06736736749 0.445082848
0.01020564601 -0.03307128138 -0.06659139303 0.485917418
0.008726902062 -0.03014397867 -0.06599558294 0.529447759
0.007250752799 -0.02718501626 -0.06557577666 0.5757295129
0.005795115203 -0.02419682608 -0.0653257773 0.6247915632
0.004375618481 -0.02118222908 -0.06523702588 0.7081973449
0.003825671676 -0.01794874774 -0.06466763712 0.8251852871
0.004273137556 -0.01433650875 -0.06416652298 0.9778223912
0.004960103407 -0.01074933211 -0.06374973351 1.068267474
0.005518023108 -0.007127595728 -0.06347442445 1.116420831
0.005317787975 -0.003479789479 -0.06363680242 1.153479283
0.003521033649 -0.0004417003118 -0.06454295805 1.013411207
0.0005810992891 0.001231356163 -0.06648208653 0.8177815616
-0.0005964715787 0.004037452428 -0.06886714143 0.5629718962
-2.264479687e-05 0.007874510107 -0.06925822556 -0.01217165055
0.0004834354742 0.0104640409 -0.06654065278 -0.6080395152
4.243336541e-05 0.0106315666 -0.06260507599 -0.9210667321
0.0002569933215 0.009364588709 -0.05889050916 -1.087732338
0.001216590103 0.006622590841 -0.05632196835 -0.7870657763
0.002420487154 0.002911183733 -0.05673928485 -0.2995071552
0.002920022805 -0.0001989760497 -0.05911526066 -0.20278673
0.001354024754 -0.001551225059 -0.06238679188 -0.3283871031
-0.0002274694869 -0.003172321401 -0.06557022269 -0.3833868722
-0.0008299847193 -0.006922656099 -0.06690833956 -0.1271342408
-0.0005939350981 -0.01096333355 -0.06739208318 0.2604464333
-0.0002015060746 -0.01501102131 -0.06771099216 0.5825616686
0.0002246910647 -0.01905696733 -0.06800545676 0.6674721591
0.0006782567665 -0.02310204521 -0.06827963632 0.6233192042
0.00116241167 -0.02714693726 -0.0685322569 0.6874071493
0.001679627233 -0.03118579061 -0.06878647935 0.9507541059
0.002217947141 -0.03521172946 -0.06905556577 1.444715302
0.002741739202 -0.0392230571 -0.06932655025 2.07640887
0.003202210754 -0.04322362449 -0.06958222672 2.568115936
0.003567134882 -0.04721643434 -0.06984134419 2.633752916
0.003866350398 -0.05119248202 -0.07016133073 2.262742725
0.00419069771 -0.05513439609 -0.07056443199 1.717685444
0.004615915425 -0.05903919364 -0.07099211328 1.223308065
0.005142265456 -0.06292602733 -0.07136926298 0.9293821224
0.005718679535 -0.06681613232 -0.07167703602 0.9935724694
0.006296150542 -0.07071697495 -0.07194750734 1.426645192
0.006851971395 -0.07462570441 -0.07222183186 2.064785138
0.00738421715 -0.07853705663 -0.07251992546 2.73275411
0.007868800432 -0.08243975128 -0.0728390747 3.187755858
0.006999814817 -0.08567622196 -0.07276376286 3.409206889
0.005088759024 -0.08841606569 -0.07245124187 3.351705855
0.002490010683 -0.09050982107 -0.07205581213 3.054185663
-0.0004933259192 -0.09202263016 -0.07168084921 2.677371319
-0.003678817627 -0.09306488473 -0.0713414952 2.268581685
-0.006972180789 -0.09369824643 -0.07101614381 1.818191163
-0.0103165846 -0.09397134087 -0.07071012569 1.354886143
-0.01367672422 -0.09397808511 -0.07046482863 0.9752928075
-0.01703896532 -0.09384353469 -0.07033460029 0.7548746234
-0.02039767145 -0.09365315866 -0.0703757035 0.5704252506
-0.02373646386 -0.09338753249 -0.0706436987 0.2383020371
-0.02701173891 -0.09290450552 -0.07118219155 -0.3395798394
-0.03012063779 -0.09198905338 -0.07201562602 -1.010031604
-0.03287045584 -0.09046460141 -0.07313665529 -1.443825886
-0.03503697699 -0.08831962111 -0.07448464772 -1.384858404
-0.03651316865 -0.08572416181 -0.07596892777 -0.9246216894
-0.03735713294 -0.08289941983 -0.07753244343 -0.3259029145
-0.0376587438 -0.08000267523 -0.07916176425 0.287734055
-0.03742707311 -0.0771162184 -0.08081590198 0.9686523083
-0.0366419262 -0.0742695389 -0.08236035618 1.768946255
-0.03536610547 -0.07144925365 -0.08359083763 2.612224536
-0.0337640813 -0.06862033295 -0.08431185428 3.46110402
-0.03201942595 -0.06578570019 -0.08438911562 4.161225286
-0.03025462566 -0.0630338936 -0.08375642355 4.46780038
-0.0285282869 -0.06051693207 -0.08241913246 4.397772061
-0.02684664954 -0.05837769845 -0.0804879132 4.165864255
-0.02518809536 -0.05669185974 -0.07812664196 3.821920714
-0.02356383511 -0.05547004707 -0.07546740942 3.262022103
-0.02205150051 -0.05466535887 -0.07258703656 0.9998657723
-0.02072431586 -0.05415398548 -0.069549741 -0.07721788625
-0.01949942418 -0.05372005688 -0.06645784618 -0.7181465705
-0.01806389254 -0.05309157123 -0.06349803173 -0.7995521539
-0.01604643504 -0.0520499791 -0.06105014507 -0.2244065487
-0.01339296862 -0.05057535931 -0.05967871589 0.3898814412
-0.01052969631 -0.0488650164 -0.05974520564 0.5032766285
-0.007991122037 -0.04712775029 -0.06107377137 0.4133082141
-0.006001112339 -0.04540481655 -0.06317255157 0.4075087066
-0.004497300753 -0.04361270482 -0.06561072399 0.5344284396
-0.003333791982 -0.04165230451 -0.06811814391 0.8145596672
-0.002375154463 -0.03944956097 -0.07051983112 1.003816462
-0.001514491366 -0.03695529354 -0.07267015964 1.000858752
-0.0006962177279 -0.03414438128 -0.07441770577 0.843785384
5.425645529e-05 -0.03102232425 -0.0755750785 0.5439522576
0.0006189391586 -0.02766899309 -0.07586630988 0.08623244793
0.0008966819286 -0.0228269231 -0.07421101272 1.135087518
-0.005029387569 -0.020007603 -0.07197240003 0.8511261337
-0.01022293737 -0.01661199584 -0.06887727365 0.7397971611
-0.01349919834 -0.01176209152 -0.06517173749 0.2875947493
-0.0136451987 -0.005897160877 -0.06171628524 -0.2244877114
-0.01037848241 -0.0003332900696 -0.05948759503 -0.2289208487
-0.004778433857 0.003544675342 -0.05900450391 -0.32650065
0.001681592331 0.005657545393 -0.05968835797 -0.9333876134
0.007378950206 0.00945129919 -0.05974874265 -1.40698637
0.012496926 0.01398389467 -0.06003062427 -2.123830052
0.01204789356 0.01868021322 -0.05812744033 -2.30042385
0.01157344853 0.02349455578 -0.05678499302 -2.177753112
0.01089530843 0.02843281957 -0.05619371775 -2.190850568
0.01003773505 0.03337665505 -0.05629327536 -2.118003685
0.009020561135 0.03824926024 -0.05692779135 -1.632128065
0.007838906403 0.04302754688 -0.05789796195 -1.455492336
0.006475427124 0.04772177189 -0.05902192254 -1.792473012
0.004907302443 0.0523564617 -0.0601203886 -2.052184531
0.003134946388 0.05695865272 -0.06102208905 -2.239741396
0.001218254897 0.06155462849 -0.06159510775 -2.497499993
-0.0007080080584 0.06617769409 -0.06178246979 -2.348718853
-0.002453358687 0.07087240619 -0.06161830865 -1.715570643
-0.003806553468 0.07568017692 -0.06121414633 -1.372267688
-0.004493 0.08062322076 -0.06070136371 0