0.003772367412 -0.1611073045 -0.06384112045 0
0.003434945438 -0.1582808192 -0.06549197071 -5.673022608
0.003112299976 -0.1554205433 -0.06708971816 -5.456493619
0.00268322136 -0.1522952404 -0.06814995694 -5.245201937
0.002199859656 -0.1490666774 -0.06880565882 -5.227756078
0.001681527887 -0.1457977351 -0.06917906215 -5.295567838
0.001129845032 -0.1425174336 -0.06936259948 -5.276986465
0.0005419209839 -0.1392384131 -0.06942089299 -5.13425014
-7.89262515e-05 -0.1359648378 -0.06939541769 -4.970996333
-0.0007190329628 -0.1326958811 -0.06931201927 -4.874496713
-0.001358103872 -0.1294280169 -0.06918994953 -4.849012788
-0.001976587789 -0.1261571233 -0.06904968497 -4.895831992
-0.002559467948 -0.1228797573 -0.06891492708 -5.05201045
-0.003093346653 -0.1195934556 -0.06880531746 -5.292024984
-0.003560996859 -0.1162966019 -0.06872329793 -5.465478438
-0.003939628965 -0.1129885122 -0.0686458255 -5.418933175
-0.004204193067 -0.1096706743 -0.06852996896 -5.164882923
-0.004333808926 -0.106348864 -0.06833006131 -4.881135338
-0.004320620942 -0.1030331742 -0.06801564825 -4.738694261
-0.004177975855 -0.09973360435 -0.06758076012 -4.760700605
-0.003941009631 -0.09645401228 -0.06704221078 -4.858124105
-0.003641591058 -0.09314993669 -0.06641259035 -4.940098025
-0.003327368467 -0.0898561924 -0.06573303371 -4.981761845
-0.0030286287 -0.08656452961 -0.06503197762 -4.997945163
-0.002760424133 -0.08326963527 -0.06432907454 -5.000827283
-0.002528691303 -0.07996885867 -0.06363634303 -4.997543762
-0.0023365816 -0.07666138741 -0.06295934345 -4.999617584
-0.002185715655 -0.07334806901 -0.0622968443 -5.012870481
-0.002072793724 -0.07003144485 -0.0616403365 -5.029734153
-0.001986281715 -0.06671539999 -0.06097512308 -5.033529707
-0.00190762104 -0.06340989709 -0.06028467592 -4.807340425
-0.002080822913 -0.0601353817 -0.05923258179 -4.55676388
-0.002352352505 -0.05691584744 -0.05804706084 -4.320765801
-0.002606802865 -0.05369704401 -0.05687396314 -4.209678683
-0.002768525203 -0.05043407581 -0.05584370751 -4.314955808
-0.002828846166 -0.0471049017 -0.0550817579 -4.519203856
-0.002857756215 -0.04371738109 -0.05468128484 -4.710050665
-0.002858725132 -0.04030779872 -0.05456639858 -4.865842386
-0.002841077845 -0.03689454426 -0.05464116924 -5.021956667
-0.002787617249 -0.03348123301 -0.05480731507 -5.224252819
-0.00266405707 -0.03006550401 -0.05497409027 -5.439018111
-0.002436854688 -0.02664906241 -0.05508105212 -5.625888734
-0.002079753636 -0.02324051045 -0.05512736283 -5.804344781
-0.001591948776 -0.01984785044 -0.05517273088 -6.016148051
-0.0010270543 -0.01646862048 -0.05528928656 -6.271005068
-0.0004922812635 -0.01308768603 -0.05549138462 -6.550587016
-9.74250604e-05 -0.009687795833 -0.05570514717 -6.801091317
0.0001069801388 -0.006266125932 -0.05581504951 -6.94665329
0.0001529759669 -0.00283605175 -0.05576417363 -7.001531325
0.0001352016675 0.0005940702298 -0.05563233765 -7.100958905
0.0001948199957 0.004026266461 -0.05563098341 -7.322949966
0.0005220051082 0.007417009428 -0.05602751006 -7.566459693
0.001437620827 0.01059442956 -0.05691501872 -7.73202932
0.002562789024 0.01370748964 -0.05779602815 -7.921187947
0.003007496782 0.01705383124 -0.05837564832 -8.022290708
0.002989673637 0.02040886823 -0.05904527082 -7.980198221
0.002676310502 0.02370968915 -0.05985932377 -7.767749012
0.002208654141 0.02696286422 -0.06074211828 -7.25595098
0.001794526887 0.03021017648 -0.06161185116 -6.362599617
0.00165824593 0.03349610855 -0.06234512013 -5.200738128
0.001933358189 0.03681131357 -0.06280611594 -4.129310388
0.002601261567 0.04010004624 -0.06294495156 -3.482520771
0.003537302756 0.04333227747 -0.062842515 -3.256466066
0.004573777047 0.04653975084 -0.06266315266 -3.178193213
0.005515015727 0.04978613358 -0.06260070925 -2.888962444
0.006300763556 0.05305246416 -0.06256333858 -2.537769917
0.007079721476 0.05631966544 -0.06243176408 -2.232806567
0.007909520583 0.05956991245 -0.0621532088 -1.960106166
0.008809754928 0.06279356408 -0.061743653 -1.765104838
0.009832086404 0.06597569863 -0.06126330361 -1.713896461
0.01109171414 0.06906952921 -0.06075425059 -1.700194639
0.01276638673 0.07194631669 -0.06017468516 -1.381594545
0.01505971044 0.07429801013 -0.05940062653 -0.2590694992
0.01801029007 0.07552343336 -0.05834949816 2.028292857
0.02107758552 0.07488244553 -0.05719112013 4.938831147
0.02296499783 0.07230008555 -0.05641599323 6.443609293
0.02305163323 0.06884117778 -0.05621718698 6.536330698
0.02219822926 0.0654680804 -0.05626393756 6.547939514
0.02101542001 0.06219415614 -0.05634994694 6.482089843
0.01975449606 0.05895097332 -0.05645584043 6.358009839
0.01850264879 0.05571128815 -0.05664200168 6.173309533
0.01729253636 0.05247139704 -0.0569705846 5.928830927
0.0161540391 0.0492273444 -0.05744497749 5.667285198
0.01511358053 0.04597073811 -0.05801952025 5.487594856
0.01414428153 0.04271279348 -0.05866914781 5.461921316
0.01314618187 0.03948484375 -0.05937449695 5.546628498
0.01202552666 0.03629901251 -0.06003154246 5.646064154
0.01076991259 0.03314222478 -0.06051732823 5.601086242
0.009413929864 0.03001159884 -0.06084962126 5.352711121
0.007994339067 0.02690946273 -0.06115011547 5.053942416
0.006575788349 0.02381329594 -0.0614596605 4.779505927
0.005210665942 0.02069325022 -0.06168046386 4.304243707
0.003856043761 0.01756830542 -0.06166160388 3.42139421
0.002426418051 0.01451194388 -0.06123815687 2.408139476
0.000886819575 0.01161082688 -0.06037657414 1.80404608
-0.0006029275522 0.008773715475 -0.05926193556 1.811160584
-0.001785273025 0.005771638758 -0.05822783952 2.195107985
-0.002419809639 0.002479927261 -0.05784787557 2.288487851
-0.002418312892 -0.0007216510779 -0.05908563831 1.885117729
-0.002133465832 -0.00293672855 -0.06167732462 1.386219957
-0.001234766162 -0.003159998496 -0.06493509852 1.133897228
0.0001117780908 -0.001010413743 -0.0671543131 1.074301242
0.0007635776519 0.002329059688 -0.06741376878 1.020069233
-0.0001392099952 0.005446619966 -0.06634909205 0.9251523997
-0.00218213567 0.008025024466 -0.06532987414 0.8758591188
-0.003384042605 0.01113311485 -0.06534104069 0.807782501
-0.004815918199 0.01413914708 -0.06549486019 0.7539637649
-0.006277202743 0.01711812238 -0.06581199357 0.7025980397
-0.007751335866 0.02006753977 -0.06630003395 0.6537271756
-0.009219888757 0.02298519543 -0.06696415345 0.6073529735
-0.01066333115 0.02586889585 -0.06780750515 0.5634605462
-0.01206191577 0.02871592193 -0.06883168041 0.5220365501
-0.01339655506 0.03152235998 -0.07003714447 0.4830777298
-0.01464957677 0.03428245805 -0.07142357452 0.4465906536
-0.01580527052 0.0369881551 -0.07299002864 0.4125863883
-0.01685018394 0.03962889505 -0.07473490143 0.3810735504
-0.01777317363 0.04219178343 -0.07665565322 0.3520514005
-0.01856526196 0.04466208811 -0.07874835474 0.325503246
-0.01921938342 0.04702403828 -0.08100714286 0.3013901553
-0.01973011772 0.04926183094 -0.08342372338 0.2796455527
-0.02009350388 0.05136071831 -0.08598706633 0.260171748
-0.02030701062 0.05330803047 -0.08868340892 0.2428393122
-0.02036970647 0.05509399113 -0.09149662176 0.2274894942
-0.02028262943 0.05671222226 -0.09440892342 0.2139391359
-0.02004930172 0.05815988682 -0.09740186603 0.2019872413
-0.0196762821 0.05943748684 -0.1004574691 0.1914226094
-0.01917361256 0.0605483799 -0.1035593522 0.1820323609
-0.01855501606 0.06149811389 -0.1066937041 0.1736112845
-0.01783774493 0.06229368789 -0.1098499351 0.1659714936
-0.01704205119 0.06294284527 -0.1130209029 0.1589511361
-0.01619032528 0.06345348718 -0.1162026736 0.1524204232
-0.01530599998 0.0638332542 -0.1193938793 0.1462834688
-0.01441233411 0.06408927886 -0.1225948081 0.1404753936
-0.01353117987 0.06422805541 -0.1258064177 0.1349554432
-0.01268182169 0.0642553443 -0.1290294455 0.1296979321
-0.01187996271 0.06417602497 -0.132263746 0.1246832476
-0.01113693232 0.06399385569 -0.1355079092 0.1198908862
-0.01045918689 0.06371115945 -0.1387591461 0.1152957362
-0.009848160709 0.06332852523 -0.1420133698 0.1108678257
-0.009300491538 0.06284464277 -0.1452653821 0.1065748068
-0.008808594988 0.06225638171 -0.148509078 0.1023857681
-0.008361509957 0.06155916053 -0.1517376124 0.09827480563
-0.007945900017 0.06074756435 -0.1549435166 0.09422318614
-0.00754708876 0.05981608867 -0.158118779 0.0902197388
-0.007150033163 0.05875983517 -0.1612549188 0.08625989775
-0.006740188537 0.05757500239 -0.1643430542 0.08234419368
-0.006304272813 0.05625907368 -0.1673739562 0.07847687373
-0.00583097556 0.05481069866 -0.1703380647 0.07466492726
-0.00531166201 0.05322935153 -0.1732254657 0.07091745127
-0.00474108996 0.0515148983 -0.1760258638 0.06724521922
-0.004118098514 0.04966721435 -0.1787286014 0.06366046586
-0.003446165272 0.04768596347 -0.18132277 0.06017703719
-0.002733689714 0.04557060733 -0.1837974246 0.05681098987
-0.001993863951 0.04332067335 -0.1861418668 0.0535814371
-0.001244039719 0.04093626424 -0.1883459456 0.05051110784
-0.0005045791695 0.03841874817 -0.1904003417 0.04762598739
0.0002027323929 0.03577151207 -0.1922968407 0.04495368258
0.0008565487456 0.03300060661 -0.1940286425 0.04252071855
0.001437868559 0.03011508964 -0.1955907469 0.04034952351
0.001931716402 0.02712691341 -0.1969804118 0.03845606981
0.002328343432 0.02405030787 -0.1981976063 0.03684890115
0.00262376861 0.02090075604 -0.199245329 0.03552972532
0.002819612616 0.0176937778 -0.2001296585 0.03449519204
0.002922326697 0.0144437855 -0.2008594512 0.03373915434
0.002942036236 0.01116322962 -0.2014456798 0.03325471143
0.002891266785 0.007862148065 -0.2019004788 0.03303557002
0.00278379189 0.004548115009 -0.2022360121 0.03307658567
0.002633761602 0.0012265063 -0.2024632946 0.03337362553
0.002455173275 -0.002099035915 -0.202591101 0.03392306629
0.00226166277 -0.005426041651 -0.2026250761 0.03472129822
0.002066538447 -0.008752623057 -0.2025671418 0.03576456202
0.001882952506 -0.01207688334 -0.2024152685 0.03704932223
0.001724094327 -0.01539632977 -0.2021636423 0.03857319694
0.001603290972 -0.01870729404 -0.2018032208 0.04033624293
0.0015339081 -0.02200438658 -0.20132263 0.04234218978
0.001528966298 -0.02528004895 -0.2007093083 0.04459908772
0.001600432575 -0.02852430213 -0.1999507708 0.04711885148
0.001758218922 -0.03172480014 -0.1990358377 0.04991540238
0.002009010598 -0.03486726833 -0.1979556659 0.05300152984
0.002355132586 -0.03793632826 -0.1967044435 0.05638511667
0.002793707517 -0.04091660363 -0.1952796701 0.06006580476
0.003316336556 -0.04379390127 -0.1936820316 0.06403326935
0.003909440949 -0.04655621738 -0.1919149745 0.06826784763
0.00455526506 -0.04919435977 -0.1899841453 0.07274342006
0.005233407065 -0.05170209047 -0.1878968558 0.07743152418
0.005922649849 -0.05407583237 -0.1856616722 0.08230518148
0.006602829117 -0.05631408652 -0.1832881336 0.08734115875
0.007256491572 -0.05841674202 -0.1807865325 0.09252022261
0.007870149512 -0.06038443402 -0.1781676841 0.09782591191
0.008435019636 -0.06221804686 -0.175442643 0.1032428918
0.008947229984 -0.0639184079 -0.1726223966 0.1087558368
0.009407572726 -0.06548618359 -0.1697175967 0.1143492403
0.009820947082 -0.06692196737 -0.1667383898 0.1200079712
0.01019565359 -0.06822652657 -0.1636943664 0.1257181777
0.01054266777 -0.06940113821 -0.1605945997 0.1314683124
0.01087495064 -0.07044791058 -0.1574477197 0.1372503525
0.01120678029 -0.07136996936 -0.1542619733 0.1430613787
0.01155303904 -0.07217140973 -0.1510452474 0.1489053341
0.01192838584 -0.07285697977 -0.1478050579 0.1547942058
0.01234628257 -0.0734315431 -0.1445485112 0.1607475516
0.01281791023 -0.07389944131 -0.1412822298 0.166789646
0.01335108141 -0.07426390956 -0.1380122263 0.1729446308
0.01394930066 -0.07452667162 -0.1347437096 0.1792313632
0.01461112572 -0.07468777635 -0.1314808514 0.18566042
0.01532993909 -0.07474565168 -0.12822658 0.19223545
0.01609416525 -0.07469729015 -0.1249824998 0.1989597905
0.01688789277 -0.07453845902 -0.1217490368 0.2058475376
0.01769180763 -0.07426385658 -0.118525865 0.2129367293
0.01848432349 -0.07386719761 -0.1153126091 0.2203015139
0.01924280038 -0.07334127773 -0.1121097418 0.2280603696
0.01994475815 -0.07267810755 -0.1089195373 0.2363785218
0.02056900054 -0.07186920899 -0.1057469072 0.2454642688
0.02109656601 -0.07090612549 -0.102599953 0.2555603904
0.02151142282 -0.06978113682 -0.09949011723 0.2669326641
0.02180084533 -0.06848810393 -0.09643189146 0.2798575449
0.02195545243 -0.06702332542 -0.09344212384 0.2946104747
0.02196895229 -0.06538626928 -0.09053903746 0.311455544
0.02183769937 -0.06358005484 -0.0877411122 0.3306367592
0.0215602039 -0.06161159199 -0.08506599097 0.3523710799
0.02113673091 -0.05949133357 -0.08252955461 0.3768434534
0.02056908369 -0.05723265597 -0.0801452756 0.4042039678
0.0198606052 -0.05485093862 -0.07792390768 0.4345668741
0.01901636803 -0.05236246206 -0.07587351069 0.4680108822
0.01804347483 -0.04978326757 -0.07399974628 0.5045802148
0.01695136631 -0.04712812815 -0.07230633692 0.5442865912
0.01575203059 -0.04440975913 -0.0707955578 0.5871131718
0.01446002534 -0.04163836426 -0.06946864373 0.6330216439
0.01309225558 -0.03882156102 -0.06832602665 0.6819623909
0.01166749039 -0.03596466899 -0.06736736749 0.7338853043
0.01020564601 -0.03307128138 -0.06659139303 0.7887468323
0.008726902062 -0.03014397867 -0.06599558294 0.8465091715
0.007250752799 -0.02718501626 -0.06557577666 0.9071308844
0.005795115203 -0.02419682608 -0.0653257773 0.9705531107
0.004375618481 -0.02118222908 -0.06523702588 1.039866505
0.003839202822 -0.01796512909 -0.06455397308 1.163144194
0.003515990939 -0.01458688277 -0.06397699947 1.244708373
0.00324743472 -0.01118957935 -0.06348994412 1.294560711
0.002889623041 -0.007789238047 -0.0630918824 1.334104849
0.002249893676 -0.004419603684 -0.06281822395 1.345345633
0.0009993847347 -0.00122129952 -0.06275598862 1.110085965
-0.001153887443 0.00104702819 -0.06440570726 0.8382582199
-0.002978478258 0.003068800945 -0.06664580953 0.6856903965
-0.00295971341 0.005913346173 -0.06870011381 0.5086813477
-0.001598086789 0.009140648911 -0.0688493893 0.3225402059
-0.0005525043073 0.01193164365 -0.06697804649 0.2833558312
-0.0006632016787 0.01384154776 -0.06401120995 0.3647405762
-0.00116088164 0.01498569592 -0.0607003906 0.6158611667
-0.0007521491606 0.01525855877 -0.05722760048 0.8089546229
0.00113651049 0.01422872733 -0.05450760928 0.6165792574
0.003397768322 0.01168842944 -0.05402508854 0.2323917647
0.004311765978 0.008730480558 -0.05562027733 0.132233163
0.003394387641 0.006245666485 -0.05788207258 0.1301848285
0.001180089933 0.004356223755 -0.05983923814 0.1769991879
-0.001535820339 0.002602121412 -0.06121463956 0.328606804
-0.004055994171 0.0003451594354 -0.06214916446 0.4522192447
-0.005661929567 -0.002714739099 -0.06275304182 0.3355708951
-0.006372920598 -0.006144630686 -0.06308144964 0.05047537787
-0.006514262932 -0.00965129089 -0.06334244818 -0.2181522786
-0.006400741217 -0.01315084381 -0.06361578004 -0.4209431986
-0.006270435971 -0.01664122571 -0.0638122123 -0.5683861883
-0.006279799031 -0.02012270001 -0.0637792322 -0.6167478927
-0.006538489036 -0.02356602065 -0.06347581509 -0.4943094665
-0.007099781953 -0.02694782545 -0.06308125691 -0.1878114452
-0.007874480549 -0.03028431357 -0.06290051228 0.1038236087
-0.008619447581 -0.03360261447 -0.06314296398 0.2147928162
-0.009101921864 -0.03690474256 -0.06379662304 0.1379578846
-0.009259746069 -0.04018442677 -0.06469402494 0.04734644304
-0.009180253618 -0.04345832789 -0.06564609521 0.1748254159
-0.008963594885 -0.04675592616 -0.06650570457 0.719103358
-0.008596671526 -0.0500901173 -0.06714939797 1.554297255
-0.007905166593 -0.05340715098 -0.0674008757 2.32482666
-0.006903929788 -0.05650955986 -0.06667377027 2.881230762
-0.005887016735 -0.05900261783 -0.06471022094 3.261827157
-0.005259258533 -0.06037944077 -0.0617426632 3.445221601
-0.005283830248 -0.06038401841 -0.05840790693 3.273539459
-0.005959206932 -0.05911194308 -0.05539382115 2.719828177
-0.007101543609 -0.0569032881 -0.05315403054 2.027844911
-0.008498400732 -0.05417558929 -0.05179485754 1.304548291
-0.01004909009 -0.0512708024 -0.0511434106 0.6366946833
-0.0117817706 -0.04840080486 -0.05095315796 0.06519139405
-0.01373773624 -0.04567563524 -0.05107875667 -0.5118712073
-0.01583390599 -0.04309065978 -0.05149738067 -1.352271624
-0.0178173565 -0.04048162905 -0.05218910038 -2.563640918
-0.01931520483 -0.03760320551 -0.05298627214 -3.897964284
-0.01994395836 -0.034375697 -0.05352095198 -4.753685636
-0.01951133041 -0.03108130381 -0.05338063518 -4.748519157
-0.01816281179 -0.02820654798 -0.05238702459 -4.080904878
-0.01624503703 -0.0260977076 -0.05066245747 -3.118120458
-0.01406445601 -0.02489003494 -0.04844890408 -2.08576632
-0.01183997555 -0.02465891497 -0.04597783472 -1.073946101
-0.00979432366 -0.02546685419 -0.04347614581 -0.2901305834
-0.008193278094 -0.02728630735 -0.04119364316 0.1302354977
-0.00729420284 -0.02994735647 -0.03941046818 0.4212596136
-0.007237427731 -0.03312870618 -0.03844419066 0.6904467481
-0.007922505746 -0.03638033733 -0.03858021503 0.7985614803
-0.008985905678 -0.03924520134 -0.03990350799 0.6408586099
-0.009937805653 -0.04147644259 -0.04219544617 0.3218918801
-0.01039935444 -0.04312251188 -0.04507022994 -0.06369282121
-0.01019912774 -0.04436207889 -0.04817694666 -0.4854967072
-0.00930437067 -0.04532103761 -0.05126520745 -2.782982462
-0.007754585555 -0.04605727305 -0.05415083181 -3.509510025
-0.005689517012 -0.04664665496 -0.05673068349 -3.745975821
-0.00336238109 -0.04718415994 -0.05908311133 -3.756282656
-0.00115182414 -0.04763398041 -0.06155106259 -3.427669139
0.0005729272052 -0.04776898723 -0.06440440211 -2.951823267
0.001591049963 -0.04734652304 -0.06755869719 -2.728001183
0.001933517299 -0.04632984906 -0.07073778333 -2.717008966
0.001794160658 -0.04486833682 -0.07377135005 -2.735746667
0.001339628528 -0.04315478891 -0.07665191802 -2.735434744
0.0006326049055 -0.04135746706 -0.07944078551 -2.705019317
-0.0003250188753 -0.03960721201 -0.08219515195 -2.757943468
-0.001532304744 -0.03798027221 -0.08493675524 -2.911707491
-0.002970372939 -0.03646268276 -0.08763817263 -3.097355211
-0.004602620339 -0.03491214133 -0.09021365675 -3.345194794
-0.006332929963 -0.03304092156 -0.0924950628 -3.715682133
-0.008656605502 -0.02916099489 -0.09492307098 -2.372775068
-0.01141261382 -0.02459694608 -0.0904877196 -2.661923444
-0.01283300531 -0.02002948305 -0.0854584123 -2.599101937
-0.01306126627 -0.01519506365 -0.08048128034 -2.561625922
-0.01228746419 -0.01026499434 -0.07581521388 -2.581793389
-0.01065921973 -0.005392368184 -0.07128045773 -2.404612106
-0.008102932844 -0.0007740598569 -0.06691438812 -2.274788252
-0.004302733509 0.003724714018 -0.06343084732 -2.129861384
0.0009564487054 0.007879873114 -0.06206973739 -1.997163021
0.005941587625 0.01256326082 -0.0623485432 -2.06985398
0.005189835293 0.01706604729 -0.06460962627 -1.930292176
0.004326390946 0.02178328004 -0.0661195359 -1.75853011
0.003492174913 0.02662804695 -0.06716747145 -1.682502737
0.002775676964 0.03156980874 -0.06773394681 -1.925437546
0.002170613068 0.03655718544 -0.06782066055 -2.323186088
0.001592309698 0.04153539423 -0.06746752475 -2.313693948
0.0009676160932 0.04646694199 -0.06674115008 -1.946118905
0.0002938326683 0.05134380766 -0.06574153874 -1.730232741
-0.0004037577916 0.0561881677 -0.06460906535 -1.674933107
-0.001142475708 0.06103194507 -0.06350090842 -1.667573565
-0.00197174258 0.06589295473 -0.06254281955 -1.749372751
-0.002892410526 0.07077359381 -0.06178841895 -1.861705968
-0.003806553468 0.07568017692 -0.06121414633 -1.894538158
-0.004493 0.08062322076 -0.06070136371 0