0.003703275307 -0.1660904846 -0.02380023886 7.271877361
0.003434945438 -0.1632808192 -0.02549197071 7.1702903
0.00314136125 -0.1604399797 -0.02712719262 7.189899955
0.00280282309 -0.15755617 -0.02867699238 7.345625878
0.002401232119 -0.1546308409 -0.03013184288 7.568761793
0.001920766451 -0.1516761529 -0.03150183493 7.773879325
0.001347588693 -0.14870816 -0.03280655026 7.885887478
0.0006716935594 -0.1457404042 -0.03406211976 7.858708538
-0.000108531734 -0.1427800701 -0.03527408544 7.691251804
-0.0009816182258 -0.1398270666 -0.03643956984 7.403460968
-0.001921007178 -0.136875762 -0.03755636074 7.023424125
-0.002885918566 -0.1339177608 -0.03863216635 6.585566068
-0.003824531976 -0.1309436078 -0.03968535995 6.123951814
-0.004681046787 -0.1279434672 -0.04073342393 5.705451494
-0.005407889886 -0.1249080545 -0.04177645634 5.431832032
-0.005978613274 -0.1218299451 -0.04278981157 5.358344157
-0.006392287606 -0.1187050501 -0.04373283551 5.443598039
-0.006666585933 -0.1155345066 -0.04456753736 5.60112539
-0.006827146751 -0.1123257935 -0.045276719 5.763198228
-0.006900673454 -0.1090908802 -0.04587343394 5.885442181
-0.006911775614 -0.1058421728 -0.04639717401 5.946893236
-0.006881454461 -0.102544438 -0.04689024078 5.970375147
-0.00682713414 -0.09924779748 -0.04739161666 5.981452386
-0.006764243252 -0.09595658373 -0.04792967066 5.97377338
-0.006707026246 -0.09267316039 -0.04851697306 5.950902823
-0.00666726468 -0.08939935858 -0.04915967675 5.947362309
-0.006651557462 -0.08613775613 -0.04986473981 5.983730034
-0.006658707565 -0.08289162103 -0.0506396251 6.038452849
-0.00667863741 -0.07966343115 -0.05148704821 6.072264688
-0.006694028627 -0.0764533463 -0.05240130468 6.031122983
-0.006684664804 -0.07326462154 -0.05336897737 7.527922665
-0.007029410878 -0.07007199961 -0.05447989613 9.142021055
-0.007352019966 -0.06691185 -0.05568119629 10.11549088
-0.007325552313 -0.06376487944 -0.05694124549 10.52438819
-0.006662856909 -0.0607044563 -0.05821368104 10.42329009
-0.00518578164 -0.0579382493 -0.05944776662 9.976648601
-0.002913090611 -0.0557457253 -0.06060887703 9.380031785
-5.024818421e-05 -0.05434569407 -0.06168764027 8.826855719
0.003121905951 -0.05381931228 -0.06268597211 8.477697752
0.006351899909 -0.05411957192 -0.06360136637 8.411543416
0.009463963223 -0.05512400786 -0.06443579011 8.403581216
0.01234983388 -0.05670156001 -0.06520930831 8.603785117
0.01492481298 -0.05875781862 -0.06596452874 9.03671956
0.01709361484 -0.06121984428 -0.06678195524 9.244448196
0.01877524832 -0.06397316451 -0.06779658581 9.194749985
0.01997600021 -0.06682018483 -0.06917479709 8.889223537
0.02083045657 -0.06950946889 -0.07104290246 8.557594609
0.02154756379 -0.07181239029 -0.07341692475 8.229986991
0.02228406452 -0.07359749277 -0.07619778421 7.755854731
0.02304135067 -0.07485756 -0.07924983275 7.170597932
0.02367005902 -0.07567366199 -0.08247749001 6.868544407
0.023971978 -0.07615317316 -0.08581591535 6.787401749
0.02382395719 -0.07638548506 -0.08918833304 6.290671943
0.02323683944 -0.07642424732 -0.09251811533 5.385581656
0.0223271996 -0.0763006006 -0.09576960896 4.634381264
0.02125891777 -0.0760636199 -0.09896170266 4.186870261
0.02021970492 -0.07583353824 -0.1021571788 3.974610295
0.01944971916 -0.07584240562 -0.1054254804 3.999717038
0.01928446283 -0.07640183561 -0.1087160636 3.828256515
0.02008872911 -0.07771575987 -0.1116608927 3.521028354
0.02197475015 -0.079615986 -0.1136096081 3.450517948
0.02459284401 -0.0815864591 -0.1140867813 3.756756407
0.02737048638 -0.08314330312 -0.1131502241 4.306049633
0.02991322738 -0.08411528289 -0.1112363238 4.459705326
0.03214497958 -0.08461542899 -0.1088134154 4.479610929
0.03408116255 -0.08457158624 -0.1061285381 4.218928187
0.03561691562 -0.08390055041 -0.1032722032 3.789863951
0.03672065122 -0.08264129129 -0.1004097342 3.539065077
0.03744036496 -0.08094963832 -0.09764251577 3.266947372
0.03781226374 -0.07902385059 -0.0949550897 2.963601664
0.03780283505 -0.07702268325 -0.09229387729 2.96631377
0.03733241185 -0.07501278976 -0.08967981501 3.180159412
0.03634106936 -0.07296688538 -0.08724466733 3.318559356
0.03486765468 -0.07082064639 -0.08516308508 3.215022334
0.03309122239 -0.06852753644 -0.08351281593 2.885601769
0.031270847 -0.06606271539 -0.0821797079 2.547765239
0.02962243416 -0.06344230932 -0.0809153647 2.296006515
0.02821805738 -0.06076378095 -0.07948586205 2.177357821
0.02695544687 -0.05817552622 -0.07778261805 2.224298963
0.02561226403 -0.05580935085 -0.07583718155 2.277206057
0.02394660934 -0.05376977776 -0.07378004881 2.159988631
0.02181902839 -0.05214641003 -0.07178571571 1.78995803
0.01926801626 -0.05097038526 -0.06998919733 1.147002251
0.01643437106 -0.05014765783 -0.06844340978 0.7537055511
0.01343133367 -0.04944215292 -0.06720116776 0.9800020696
0.01036437241 -0.04850400898 -0.06635560227 1.093113393
0.00746303822 -0.04697690828 -0.06593459501 1.076313061
0.005058448414 -0.04472234804 -0.06587871183 1.015813775
0.003347317013 -0.04192224338 -0.06614825198 0.5972688676
0.002270506549 -0.0388656476 -0.06671264207 0.4702513554
0.001676193702 -0.03571333195 -0.06741717866 0.5816442844
0.001504487138 -0.03249832989 -0.06802867115 0.8964646509
0.001776690409 -0.02926412693 -0.06843252138 1.36178596
0.002508499141 -0.0260884278 -0.06864605313 1.584597205
0.003609354615 -0.02301850232 -0.06872044887 1.242498094
0.004819670959 -0.01999259743 -0.06870433068 0.7500051599
0.00571148021 -0.01686604708 -0.06856515298 0.5694496748
0.005821569353 -0.01363805565 -0.06822392619 0.5475716265
0.00493925509 -0.01047631498 -0.06764498477 0.5056519074
0.003974685132 -0.007335240644 -0.06708494651 0.4644581039
0.002929421853 -0.00421291329 -0.0665663588 0.4259413364
0.001805731159 -0.001107916457 -0.06611168251 0.391655414
0.0006068784465 0.001980267157 -0.06574260097 0.3623599115
-0.0006624601483 0.005051056276 -0.06547936874 0.3377004825
-0.001995726534 0.008102814249 -0.06534024299 0.3161387634
-0.003384042605 0.01113311485 -0.06534104069 0.29529963
-0.004815918199 0.01413914708 -0.06549486019 0.2726633928
-0.006277202743 0.01711812238 -0.06581199357 0.2462711343
-0.007751335866 0.02006753977 -0.06630003395 0.2151986501
-0.009219888757 0.02298519543 -0.06696415345 0.179221538
-0.01066333115 0.02586889585 -0.06780750515 0.1387757864
-0.01206191577 0.02871592193 -0.06883168041 0.09627648612
-0.01339655506 0.03152235998 -0.07003714447 0.05498033289
-0.01464957677 0.03428245805 -0.07142357452 0.01833574068
-0.01580527052 0.0369881551 -0.07299002864 -0.01065381243
-0.01685018394 0.03962889505 -0.07473490143 -0.03006495307
-0.01777317363 0.04219178343 -0.07665565322 -0.03950649437
-0.01856526196 0.04466208811 -0.07874835474 -0.0402098139
-0.01921938342 0.04702403828 -0.08100714286 -0.03468703748
-0.01973011772 0.04926183094 -0.08342372338 -0.02605001533
-0.02009350388 0.05136071831 -0.08598706633 -0.0172129865
-0.02030701062 0.05330803047 -0.08868340892 -0.01022824548
-0.02036970647 0.05509399113 -0.09149662176 -0.005922376283
-0.02028262943 0.05671222226 -0.09440892342 -0.0038711221
-0.02004930172 0.05815988682 -0.09740186603 -0.002649482151
-0.0196762821 0.05943748684 -0.1004574691 -0.0002570281257
-0.01917361256 0.0605483799 -0.1035593522 0.005377191312
-0.01855501606 0.06149811389 -0.1066937041 0.01589982051
-0.01783774493 0.06229368789 -0.1098499351 0.03214138345
-0.01704205119 0.06294284527 -0.1130209029 0.05391117355
-0.01619032528 0.06345348718 -0.1162026736 0.08002226807
-0.01530599998 0.0638332542 -0.1193938793 0.1085226823
-0.01441233411 0.06408927886 -0.1225948081 0.137043115
-0.01353117987 0.06422805541 -0.1258064177 0.1631476442
-0.01268182169 0.0642553443 -0.1290294455 0.1846203425
-0.01187996271 0.06417602497 -0.132263746 0.1997080011
-0.01113693232 0.06399385569 -0.1355079092 0.207384107
-0.01045918689 0.06371115945 -0.1387591461 0.2076334956
-0.009848160709 0.06332852523 -0.1420133698 0.2016239276
-0.009300491538 0.06284464277 -0.1452653821 0.1915638886
-0.008808594988 0.06225638171 -0.148509078 0.1801494769
-0.008361509957 0.06155916053 -0.1517376124 0.1697342549
-0.007945900017 0.06074756435 -0.1549435166 0.1615605192
-0.00754708876 0.05981608867 -0.158118779 0.1554243381
-0.007150033163 0.05875983517 -0.1612549188 0.1499695758
-0.006740188537 0.05757500239 -0.1643430542 0.143489513
-0.006304272813 0.05625907368 -0.1673739562 0.1348203608
-0.00583097556 0.05481069866 -0.1703380647 0.1238289683
-0.00531166201 0.05322935153 -0.1732254657 0.111229516
-0.00474108996 0.0515148983 -0.1760258638 0.0979050291
-0.004118098514 0.04966721435 -0.1787286014 0.08426428683
-0.003446165272 0.04768596347 -0.18132277 0.07014826046
-0.002733689714 0.04557060733 -0.1837974246 0.0553786525
-0.001993863951 0.04332067335 -0.1861418668 0.04050636717
-0.001244039719 0.04093626424 -0.1883459456 0.02709576216
-0.0005045791695 0.03841874817 -0.1904003417 0.01719051272
0.0002027323929 0.03577151207 -0.1922968407 0.0122396789
0.0008565487456 0.03300060661 -0.1940286425 0.01221136243
0.001437868559 0.03011508964 -0.1955907469 0.01550704923
0.001931716402 0.02712691341 -0.1969804118 0.01970956462
0.002328343432 0.02405030787 -0.1981976063 0.02263357417
0.00262376861 0.02090075604 -0.199245329 0.02302002968
0.002819612616 0.0176937778 -0.2001296585 0.02054443863
0.002922326697 0.0144437855 -0.2008594512 0.01528822748
0.002942036236 0.01116322962 -0.2014456798 0.007132975935
0.002891266785 0.007862148065 -0.2019004788 -0.004467195729
0.00278379189 0.004548115009 -0.2022360121 -0.02017036704
0.002633761602 0.0012265063 -0.2024632946 -0.04012238633
0.002455173275 -0.002099035915 -0.202591101 -0.06349264383
0.00226166277 -0.005426041651 -0.2026250761 -0.08852731221
0.002066538447 -0.008752623057 -0.2025671418 -0.1131062536
0.001882952506 -0.01207688334 -0.2024152685 -0.1354542524
0.001724094327 -0.01539632977 -0.2021636423 -0.1545894668
0.001603290972 -0.01870729404 -0.2018032208 -0.1702974921
0.0015339081 -0.02200438658 -0.20132263 -0.1827353784
0.001528966298 -0.02528004895 -0.2007093083 -0.1919924886
0.001600432575 -0.02852430213 -0.1999507708 -0.1979207274
0.001758218922 -0.03172480014 -0.1990358377 -0.2003069384
0.002009010598 -0.03486726833 -0.1979556659 -0.1991901928
0.002355132586 -0.03793632826 -0.1967044435 -0.1950463409
0.002793707517 -0.04091660363 -0.1952796701 -0.188711551
0.003316336556 -0.04379390127 -0.1936820316 -0.1811283726
0.003909440949 -0.04655621738 -0.1919149745 -0.173093757
0.00455526506 -0.04919435977 -0.1899841453 -0.1651411118
0.005233407065 -0.05170209047 -0.1878968558 -0.157575975
0.005922649849 -0.05407583237 -0.1856616722 -0.1505703415
0.006602829117 -0.05631408652 -0.1832881336 -0.1441732863
0.007256491572 -0.05841674202 -0.1807865325 -0.1382075333
0.007870149512 -0.06038443402 -0.1781676841 -0.1322272742
0.008435019636 -0.06221804686 -0.175442643 -0.1257257815
0.008947229984 -0.0639184079 -0.1726223966 -0.1184876049
0.009407572726 -0.06548618359 -0.1697175967 -0.1107501169
0.009820947082 -0.06692196737 -0.1667383898 -0.1030446942
0.01019565359 -0.06822652657 -0.1636943664 -0.0959646211
0.01054266777 -0.06940113821 -0.1605945997 -0.09010315774
0.01087495064 -0.07044791058 -0.1574477197 -0.08605708992
0.01120678029 -0.07136996936 -0.1542619733 -0.0842548927
0.01155303904 -0.07217140973 -0.1510452474 -0.08464645918
0.01192838584 -0.07285697977 -0.1478050579 -0.0865710909
0.01234628257 -0.0734315431 -0.1445485112 -0.08899730614
0.01281791023 -0.07389944131 -0.1412822298 -0.09092624425
0.01335108141 -0.07426390956 -0.1380122263 -0.09157285052
0.01394930066 -0.07452667162 -0.1347437096 -0.09023909147
0.01461112572 -0.07468777635 -0.1314808514 -0.08620005752
0.01532993909 -0.07474565168 -0.12822658 -0.07893835825
0.01609416525 -0.07469729015 -0.1249824998 -0.06871831752
0.01688789277 -0.07453845902 -0.1217490368 -0.05717163681
0.01769180763 -0.07426385658 -0.118525865 -0.04748518787
0.01848432349 -0.07386719761 -0.1153126091 -0.0439584724
0.01924280038 -0.07334127773 -0.1121097418 -0.05102675731
0.01994475815 -0.07267810755 -0.1089195373 -0.07205853836
0.02056900054 -0.07186920899 -0.1057469072 -0.1082175283
0.02109656601 -0.07090612549 -0.102599953 -0.1577109229
0.02151142282 -0.06978113682 -0.09949011723 -0.2159667897
0.02180084533 -0.06848810393 -0.09643189146 -0.2772269039
0.02195545243 -0.06702332542 -0.09344212384 -0.3372673401
0.02196895229 -0.06538626928 -0.09053903746 -0.3959331396
0.02183769937 -0.06358005484 -0.0877411122 -0.457997719
0.0215602039 -0.06161159199 -0.08506599097 -0.5319262994
0.02113673091 -0.05949133357 -0.08252955461 -0.6274233869
0.02056908369 -0.05723265597 -0.0801452756 -0.7529082193
0.0198606052 -0.05485093862 -0.07792390768 -0.9132211681
0.01901636803 -0.05236246206 -0.07587351069 -1.107255124
0.01804347483 -0.04978326757 -0.07399974628 -1.326262666
0.01695136631 -0.04712812815 -0.07230633692 -1.555405989
0.01575203059 -0.04440975913 -0.0707955578 -1.780130562
0.01446002534 -0.04163836426 -0.06946864373 -1.993271634
0.01309225558 -0.03882156102 -0.06832602665 -2.193863189
0.01166749039 -0.03596466899 -0.06736736749 -2.375018549
0.01020564601 -0.03307128138 -0.06659139303 -2.514802252
0.008726902062 -0.03014397867 -0.06599558294 -2.586518192
0.007250752799 -0.02718501626 -0.06557577666 -2.578644792
0.005795115203 -0.02419682608 -0.0653257773 -2.504038802
0.004375618481 -0.02118222908 -0.06523702588 -2.390867081
0.003005171806 -0.01814433812 -0.06529840201 -2.268412326
0.001693856409 -0.01508622041 -0.06549618372 -2.160769436
0.0004491191539 -0.01201044888 -0.06581417331 -2.088461062
-0.0007238170601 -0.008918692105 -0.06623397633 -2.064715601
-0.001821445403 -0.0058114682 -0.06673540884 -2.077685937
-0.002841487735 -0.002688132785 -0.06729700338 -2.040354427
-0.00236273989 0.0006095304763 -0.06818337253 -1.964790215
-0.001247715743 0.003817944379 -0.06880232544 -1.908174845
-6.28884024e-05 0.007034457839 -0.06853630078 -1.830075665
0.0006175609459 0.009895484227 -0.06680476161 -1.656462609
0.0007428121182 0.01191855935 -0.06403052327 -1.411982924
0.0007977867651 0.0132527827 -0.06085721786 -1.197660014
0.001287670491 0.01409063308 -0.05755418551 -1.134069435
0.002946991354 0.01431550164 -0.05457623656 -1.753061171
0.005698117687 0.01366503886 -0.05266915415 -2.96888322
0.008498942114 0.01178199328 -0.05244848663 -3.901512625
0.01047118305 0.009310730114 -0.05376851978 -4.091354733
0.01182117465 0.006861032568 -0.05578079052 -3.615256523
0.01277216839 0.004387592969 -0.05799011492 -3.038730577
0.01339522952 0.001790883004 -0.06017622484 -3.026920509
0.01379375023 -0.001002210625 -0.06216357075 -3.453009839
0.01407425359 -0.004038873088 -0.06378060499 -3.987453773
0.01433527678 -0.007274034582 -0.06496095211 -4.698385001
0.01463512399 -0.01060969809 -0.06579885891 -5.381670837
0.01489746556 -0.01398007982 -0.06646141228 -5.531108718
0.01491273345 -0.01735532115 -0.06707920824 -5.255116285
0.0144878984 -0.02067984951 -0.06773516376 -4.969578596
0.01364965697 -0.02387621011 -0.06853935484 -4.768049329
0.01275268126 -0.026951295 -0.06963780865 -4.839980377
0.01237305302 -0.02999204793 -0.07103023379 -5.117882946
0.01299717116 -0.03297609035 -0.07240679061 -5.400498884
0.01469038273 -0.03570225841 -0.07331771699 -5.371099879
0.01709933731 -0.03800687137 -0.07351639478 -5.114033641
0.01977725932 -0.03995768025 -0.07304418222 -5.200604439
0.02240210207 -0.04178632673 -0.07204717121 -5.416200202
0.02474170592 -0.04371068835 -0.07061311571 -5.425195093
0.02654562174 -0.04583333637 -0.06875470845 -5.800799674
0.02751883936 -0.04812639564 -0.06652493558 -6.095115031
0.02744689415 -0.05045520854 -0.06413074482 -6.216626705
0.0263389961 -0.05265247169 -0.06186719302 -6.33203056
0.02438400497 -0.05458568754 -0.05995623699 -6.57836846
0.02180674775 -0.05615485053 -0.05849654658 -6.800794234
0.01880578128 -0.05728979485 -0.05751928058 -6.796559883
0.0155640458 -0.05799941023 -0.05702138533 -6.642584133
0.01223194192 -0.05840225733 -0.05695923781 -6.450866556
0.008900986189 -0.05867635372 -0.05727171177 -6.271981633
0.005624796845 -0.05896361217 -0.05793521973 -6.185734543
0.002461156031 -0.05928579945 -0.05899512602 -6.146685042
-0.0004990291758 -0.05950528879 -0.06054202391 -6.041337275
-0.003094978268 -0.05935817547 -0.06263818375 -5.7469307
-0.005071235713 -0.05856449025 -0.06519982538 -5.684343958
-0.006170157996 -0.05699636124 -0.06791949304 -5.947700468
-0.006311826423 -0.0547718549 -0.07038900829 -6.270174333
-0.005624607582 -0.05215001356 -0.07232241792 -6.480138245
-0.004291613789 -0.04937467172 -0.07359070662 -6.726947225
-0.00246483659 -0.04664015144 -0.07410320029 -7.197098057
-0.0003275885367 -0.04411252124 -0.07377035723 -7.600266884
0.001859615804 -0.04191175875 -0.0725710027 -7.892467674
0.003816935541 -0.04009613828 -0.0705859212 -8.173745632
0.005340632437 -0.03871210669 -0.06797110463 -7.712827707
0.006363169095 -0.03784365959 -0.06492341284 -7.044530819
0.006950845407 -0.03757691889 -0.06165249824 -7.120335669
0.007284205556 -0.03791525557 -0.0583467422 -7.724342143
0.007564467553 -0.03876774304 -0.05512375347 -8.19332502
0.007896559709 -0.04001579493 -0.05203168671 -8.412652355
0.008248224013 -0.04156265444 -0.04907533149 -7.897944524
0.008521535666 -0.04330891743 -0.04622124477 -7.82708259
0.008679058008 -0.04507586134 -0.04337167645 -7.711115765
0.008801497268 -0.04654723159 -0.04036237265 -7.878773234
0.009022150132 -0.04727931214 -0.03710813826 -7.932400079
0.009410935337 -0.04687448571 -0.0338188973 -7.986465862
0.009922687432 -0.04528156851 -0.03092543831 -8.163098218
0.01045633201 -0.04282918017 -0.02869598548 -8.479397024
0.01093964233 -0.0399166667 -0.02706625678 -8.893301605
0.01135771312 -0.03679696523 -0.02582162466 -9.132855602
0.01173920528 -0.03359067318 -0.02477279982 -9.514110972
0.0121249789 -0.03035597756 -0.02378582704 -9.188915543
0.01253389357 -0.02712578767 -0.02276712845 -9.521973328
0.012936622 -0.02391153301 -0.02167624026 -9.880038123
0.01323196494 -0.02069170854 -0.02055415764 -8.813554069
0.01320415872 -0.01742156818 -0.01954472154 -8.227786401
0.01208452923 -0.01249364203 -0.01862066278 -8.0213494
0.01098956109 -0.008566698001 -0.02423317736 -7.886901269
0.009932680695 -0.004876869805 -0.03001540835 -7.712874243
0.008858778195 -0.00119529263 -0.03579938596 -7.54291841
0.007772810038 0.00242138569 -0.04148811957 -7.414541205
0.006657534428 0.00604731082 -0.04718878823 -7.362971815
0.005536354638 0.009684954525 -0.05287857529 -7.38308056
0.004478689629 0.01352234366 -0.05844272834 -7.457528847
0.003304854053 0.01749071437 -0.06389066055 -7.569985531
0.002084403467 0.02165321279 -0.06917694243 -7.782418937
0.0009755467432 0.02656086867 -0.06845780479 -7.980908089
0.00022498608 0.031483865 -0.0678478518 -8.252047205
-0.000503185177 0.0364109727 -0.06724380586 -8.571635396
-0.001230322407 0.0413382735 -0.0666400897 -8.899805987
-0.001958001859 0.04626550023 -0.06603642227 -9.196938904
-0.002686468624 0.05119261548 -0.06543279293 -9.439352954
-0.003415834366 0.05611960229 -0.06482919792 -9.619883444
-0.004146150197 0.06104645223 -0.0642256303 -9.736030794
-0.004877409063 0.06597316527 -0.06362208147 -9.789036818
-0.005609546308 0.07089974997 -0.06301854356 -9.793743442
-0.006342434333 0.07582622675 -0.0624150289 -9.780112928
-0.007075736559 0.08075268512 -0.06181185995 -9.779761044
-0.007806553468 0.08568017692 -0.06121414633 -9.824486921
-0.008493 0.09062322076 -0.06070136371 -9.74808641