-0.0156255028 -0.1753439975 -0.05269981672 0
-0.01531385258 -0.1720690625 -0.05265616696 0.9855688209
-0.01500185919 -0.1687941254 -0.05261224845 0.9984470714
-0.01468863906 -0.1655192817 -0.0525673726 1.004204002
-0.01437289886 -0.1622446725 -0.05252054641 0.9927920458
-0.01405306805 -0.1589704732 -0.05247058769 0.965659562
-0.01372742841 -0.1556968847 -0.05241623867 0.9349229909
-0.01339423804 -0.1524241236 -0.05235627711 0.9141601953
-0.01305184746 -0.1491524121 -0.0522896235 0.9101606138
-0.0126988046 -0.1458819659 -0.05221544292 0.9223781797
-0.01233394602 -0.1426129802 -0.05213324026 0.9486485894
-0.01195647171 -0.139345612 -0.052042947 0.9905851441
-0.01156600204 -0.1360799633 -0.05194499852 1.053374297
-0.01116261622 -0.1328160623 -0.05184040043 1.140322356
-0.01074687315 -0.1295538479 -0.05173078334 1.247415406
-0.01031981674 -0.1262931589 -0.05161844518 1.363137516
-0.009882968948 -0.1230337294 -0.05150638101 1.474087748
-0.009438314633 -0.1197751936 -0.05139830022 1.572292926
-0.00898828258 -0.1165171023 -0.0512986317 1.659186343
-0.008535726934 -0.1132589505 -0.05121251763 1.743702328
-0.008083912477 -0.1100002206 -0.0511457968 1.83628854
-0.007636506015 -0.1067404385 -0.05110497873 1.941193856
-0.007188668934 -0.1034366262 -0.05111214888 2.061643497
-0.006750899355 -0.1001320695 -0.05117607051 2.190300095
-0.0063281579 -0.09682746693 -0.05130536127 2.315505849
-0.005925823865 -0.09352407912 -0.05150918489 2.424316853
-0.005549683371 -0.09022388289 -0.05179717122 2.508340357
-0.00520590931 -0.08692973947 -0.05217932206 2.568913764
-0.00490103177 -0.08364557388 -0.05266590116 2.61601304
-0.004641899008 -0.08037656249 -0.05326730537 2.657197213
-0.004435628494 -0.07712932511 -0.05399391563 2.679575989
-0.004289741429 -0.07391634137 -0.05485479285 2.694389852
-0.003194631898 -0.07144045096 -0.05681251743 2.735270444
-0.0015338545 -0.06994883172 -0.05931064344 2.781319251
0.0003954931813 -0.06932001174 -0.06198298121 2.811500827
0.002427422889 -0.06933270612 -0.06465667501 2.820195966
0.004485459676 -0.06978793929 -0.06727273162 2.819503763
0.006539560962 -0.07053562863 -0.06982465753 2.833179258
0.00858015593 -0.07146739681 -0.07232671622 2.880630106
0.01060516025 -0.07250284484 -0.07480064595 2.958811666
0.01261390512 -0.07357699885 -0.07727130696 3.041944507
0.01460400555 -0.07462975484 -0.07976602229 3.101400344
0.016568745 -0.07559619998 -0.08231492699 3.121422316
0.01849307043 -0.07639615416 -0.08495040783 3.097056794
0.020345897 -0.07692138159 -0.08770267454 3.029430459
0.0220654797 -0.07702111785 -0.09058480299 2.928857542
0.02353501919 -0.07649502741 -0.09355415842 2.816125585
0.02455233235 -0.0751246129 -0.09643267219 2.691831717
0.02484165049 -0.07290720483 -0.09891604005 2.525831643
0.02417324704 -0.07028183363 -0.1008710838 2.494987418
0.02242349147 -0.06776812664 -0.1021805624 2.37969104
0.02073420415 -0.06496663134 -0.1028051435 2.356900984
0.01992676691 -0.06173712002 -0.103047716 2.45762585
0.02018665927 -0.05842855409 -0.1033817335 2.590457788
0.02152786074 -0.05548921146 -0.1042123408 2.668120191
0.0236531759 -0.05325306639 -0.1055093413 2.57150699
0.02622212678 -0.0517162983 -0.1070152044 2.331143201
0.02903573485 -0.05073707829 -0.108554438 2.060296723
0.03200260199 -0.05015008072 -0.1100052741 1.830452767
0.03509318197 -0.04980512548 -0.1112633956 1.659133735
0.03830186647 -0.04957114293 -0.1122121457 1.532818669
0.04161019155 -0.04932890858 -0.1126998017 1.444510994
0.04493600813 -0.04896482327 -0.112528285 1.415645319
0.04805639461 -0.04837762487 -0.111475684 1.471483982
0.05052470393 -0.04751512546 -0.1094022086 1.545386607
0.0516952316 -0.04644669398 -0.1064710347 1.583687726
0.05259400149 -0.0458943019 -0.1033132905 1.601319824
0.0531464977 -0.04586101051 -0.1000303928 1.554134124
0.05329483579 -0.04632080469 -0.09673637347 1.437825867
0.05300295351 -0.04721888941 -0.09354371591 1.274177653
0.05225783786 -0.04847666811 -0.09055223687 1.091565054
0.05106777232 -0.049999284 -0.08784055732 0.9091975429
0.04945837206 -0.05168396643 -0.08546120438 0.7329469101
0.04746755851 -0.05342759708 -0.08343935535 0.5615633931
0.04514061817 -0.05513252443 -0.08177451297 0.3931696795
0.04252620654 -0.05671027328 -0.08044406059 0.2248211769
0.0396738097 -0.05808329976 -0.07940760029 0.05041016865
0.03663298085 -0.05918577214 -0.07861121765 -0.1345109176
0.03345388838 -0.05996424381 -0.07799157238 -0.3226060694
0.03018813368 -0.06037608664 -0.07747989821 -0.4926002049
0.02689100895 -0.0603883451 -0.07700527108 -0.6204888176
0.02362426907 -0.05997932973 -0.07649756245 -0.6933630965
0.02045799841 -0.05914036152 -0.07589042479 -0.7141008832
0.01747274955 -0.05787770051 -0.07512532886 -0.6862239663
0.01474075387 -0.05619730111 -0.07422889576 -0.6139509782
0.01232681843 -0.05411567044 -0.07326346336 -0.5055168953
0.01028666315 -0.05166645927 -0.07229813618 -0.3736784605
0.008660430895 -0.04890029422 -0.07140555317 -0.2510108796
0.00746867875 -0.04588129898 -0.07065806383 -0.166508718
0.006710944539 -0.0426822293 -0.07012371139 -0.120798284
0.006366147413 -0.03937963666 -0.06986262303 -0.07604270392
0.006394131273 -0.03604880044 -0.06992418205 -0.01080572358
0.00634941761 -0.0327176794 -0.06989251045 0.05101499312
0.006229626796 -0.02939048914 -0.06976924201 0.1096332837
0.006032825205 -0.02607124871 -0.0695593371 0.1652931178
0.005757099639 -0.02276344911 -0.06927120542 0.2182936451
0.005400259507 -0.01946981652 -0.06891669093 0.2684730982
0.004959728928 -0.01619220632 -0.06851088583 0.3160288007
0.004432649425 -0.01293164684 -0.06807175959 0.3616554421
0.003816176443 -0.009688532513 -0.06761960632 0.3378038315
0.003107919601 -0.006462934055 -0.06717633793 0.3141431936
0.002306460078 -0.003254965467 -0.06676466718 0.2919083799
0.001411870535 -6.512875136e-05 -0.06640724737 0.2719585988
0.0004261733325 0.003105439543 -0.06612584309 0.2546019495
-0.0006463131547 0.006254873624 -0.06594061141 0.2394776376
-0.00179877196 0.009380647303 -0.06586956381 0.22559369
-0.00302184079 0.01247976924 -0.06592825359 0.2116153453
-0.004303720537 0.01554903207 -0.06612969854 0.1958588115
-0.005630427002 0.01858522042 -0.06648450978 0.1765115826
-0.006986167358 0.02158519614 -0.06700116526 0.1518121819
-0.008353813144 0.02454581042 -0.0676863455 0.1213448128
-0.009715434425 0.0274636444 -0.06854525301 0.08639897071
-0.01105284868 0.03033463199 -0.06958185005 0.04923082343
-0.01234812935 0.03315365124 -0.07079897586 0.01264875352
-0.01358402202 0.03591418791 -0.07219833358 -0.02050560285
-0.01474422605 0.03860815375 -0.07378035363 -0.04786755769
-0.01581353167 0.04122590971 -0.07554396111 -0.06794778452
-0.0167778406 0.04375650115 -0.0774862785 -0.08034587337
-0.01762413965 0.0461880746 -0.07960230777 -0.08573991424
-0.01834052267 0.04850842569 -0.08188464534 -0.0856562141
-0.01891635405 0.05070561825 -0.08432329442 -0.08207676989
-0.01934263325 0.05276861746 -0.08690564697 -0.07698902039
-0.0196125605 0.05468788456 -0.08961670192 -0.0719911491
-0.01972223535 0.0564558829 -0.09243956471 -0.06802800533
-0.01967136322 0.05806744609 -0.09535622886 -0.06527990494
-0.01946381879 0.05951995699 -0.09834858059 -0.06319747802
-0.01910792989 0.06081330158 -0.101399503 -0.060675191
-0.01861639719 0.06194958176 -0.1044939117 -0.05635162975
-0.01800583711 0.06293261618 -0.1076195452 -0.04899265092
-0.01729600515 0.06376729694 -0.1107673677 -0.03786637454
-0.01650880333 0.0644589049 -0.1139315256 -0.02299576838
-0.01566719182 0.06501249656 -0.1171088841 -0.005201541214
-0.01479411153 0.06543245237 -0.1202982612 0.01408233113
-0.01391149869 0.06572223993 -0.1234995201 0.0331609583
-0.01303943959 0.06588438986 -0.1267126912 0.05048515191
-0.01219548826 0.06592064184 -0.1299372604 0.06498463473
-0.0113941486 0.06583218726 -0.1331716998 0.07622645216
-0.01064650919 0.06561993676 -0.1364132618 0.08436263527
-0.009960014778 0.0652847526 -0.139657999 0.08991692438
-0.009338361838 0.06482761749 -0.142900954 0.09352787786
-0.00878151857 0.06424972849 -0.1461364479 0.09576627054
-0.008285883077 0.06355252261 -0.1493584007 0.09707329816
-0.00784460026 0.06273763247 -0.1525606226 0.09777508881
-0.007448049971 0.06180676321 -0.1557370155 0.09809319104
-0.007084497411 0.0607614753 -0.1588816346 0.09811100394
-0.006740870114 0.05960286262 -0.1619885757 0.09772443791
-0.006403606607 0.05833115151 -0.1650516773 0.09663640098
-0.006059519092 0.05694529062 -0.1680640748 0.09443348369
-0.005696625388 0.05544265141 -0.1710176831 0.09074066033
-0.005304923236 0.05381898443 -0.1739027274 0.0854164208
-0.00487708822 0.05206875112 -0.1767074648 0.07872716883
-0.004409065167 0.05018587223 -0.1794182352 0.07142198782
-0.003900495744 0.04816480723 -0.182019931 0.06463693687
-0.003354899758 0.04600175176 -0.1844968889 0.05961577974
-0.002779529046 0.0436956693 -0.1868340775 0.05732722104
-0.002184856072 0.04124889452 -0.1890183419 0.05812977124
-0.001583735756 0.03866717605 -0.1910394102 0.06163078446
-0.0009903561082 0.03595920582 -0.1928904218 0.06680434712
-0.000419131732 0.03313583362 -0.1945679014 0.07232054614
0.0001163229446 0.03020922193 -0.1960712946 0.07694995379
0.0006040611303 0.02719214287 -0.1974023263 0.07987554394
0.001034491677 0.02409749667 -0.1985644676 0.08078329168
0.001400896311 0.02093800647 -0.1995626964 0.07970555603
0.00169977599 0.01772597306 -0.2004035596 0.07671750513
0.001931001124 0.01447298418 -0.2010953763 0.07166791297
0.002097730834 0.01118954836 -0.2016483155 0.06410847863
0.002206092541 0.007884717137 -0.2020741003 0.0534766615
0.002264667463 0.004565813471 -0.2023852066 0.03944723937
0.002283879642 0.001238374527 -0.2025936023 0.02227150828
0.002275402116 -0.002093652527 -0.2027092491 0.002917654857
0.002251661406 -0.005427494825 -0.2027386882 -0.01708211896
0.002225455898 -0.008760995158 -0.2026840472 -0.03602653923
0.002209639393 -0.01209198738 -0.2025427097 -0.05251083055
0.002216788429 -0.01541767411 -0.2023077361 -0.06576272375
0.002258784914 -0.01873407549 -0.2019689322 -0.07571813024
0.00234629387 -0.02203562958 -0.2015143098 -0.08282673592
0.00248817411 -0.02531501719 -0.2009315916 -0.08769442024
0.00269089901 -0.028563235 -0.2002094329 -0.09073976172
0.002958068466 -0.03176986531 -0.1993381471 -0.09203308062
0.00329006698 -0.03492343324 -0.1983099065 -0.09139203751
0.003683890726 -0.0380117417 -0.1971185719 -0.08867046589
0.004133152639 -0.04102213708 -0.1957594273 -0.08407676621
0.004628287849 -0.04394174568 -0.1942290947 -0.07834920245
0.005157004167 -0.04675778384 -0.1925257963 -0.07268948191
0.005705024661 -0.0494580458 -0.1906499468 -0.06846511368
0.006257128873 -0.05203160495 -0.1886048682 -0.06679205521
0.006798418297 -0.05446965112 -0.1863973214 -0.06816949847
0.007315642486 -0.05676627214 -0.1840375679 -0.07232733456
0.007798370805 -0.05891893499 -0.1815388343 -0.07835280292
0.008239816084 -0.06092847103 -0.1789162671 -0.08502838923
0.008637209154 -0.06279851041 -0.1761856364 -0.0912202001
0.008991744667 -0.06453448867 -0.1733621064 -0.09615943883
0.009308212225 -0.06614247603 -0.1704593263 -0.09954191678
0.009594455972 -0.06762810898 -0.1674889619 -0.1014629533
0.009860769807 -0.06899583462 -0.1644606576 -0.1022553751
0.01011927009 -0.07024855197 -0.1613823241 -0.1023040054
0.01038323079 -0.0713876149 -0.1582606136 -0.1018969554
0.01066634794 -0.07241308332 -0.155101444 -0.101152152
0.01098192185 -0.07332408981 -0.1519104593 -0.1000210474
0.01134199066 -0.07411921669 -0.1486933506 -0.09832837558
0.01175648945 -0.07479682191 -0.1454559999 -0.09579141228
0.01223252478 -0.07535529113 -0.1422044411 -0.09199862157
0.01277383653 -0.07579321417 -0.1389446721 -0.0863916
0.01338047778 -0.07610948097 -0.1356823651 -0.07832742827
0.01404869866 -0.07630328723 -0.1324225419 -0.06726091021
0.01477099158 -0.07637403414 -0.1291692829 -0.0530003131
0.0155362524 -0.07632111929 -0.1259255381 -0.0359209922
0.01633003217 -0.07614364017 -0.1226931073 -0.01702142708
0.01713488333 -0.07584006265 -0.1194728439 0.00222687666
0.01793082899 -0.07540793241 -0.1162651112 0.02019685014
0.01869599216 -0.07484371521 -0.1130704787 0.03549013374
0.01940741127 -0.07414283633 -0.1098905855 0.04726768217
0.0200420387 -0.07329995221 -0.1067290429 0.05542449921
0.02057787512 -0.07230943644 -0.1035922056 0.0605566353
0.02099514218 -0.07116601634 -0.100489643 0.06373970053
0.02127735536 -0.06986546293 -0.09743418875 0.06619960995
0.02141214411 -0.06840523233 -0.09444153152 0.06897312166
0.02139169344 -0.06678497357 -0.09152941003 0.07262531555
0.02121275032 -0.06500685022 -0.08871655399 0.07705369086
0.02087623017 -0.06307565459 -0.08602154959 0.08140245027
0.02038654585 -0.06099871386 -0.0834617955 0.08412786052
0.01975083196 -0.05878560041 -0.08105267117 0.08324936081
0.01897823734 -0.05644766325 -0.07880697787 0.07676718063
0.01807941169 -0.05399741269 -0.07673466201 0.06315409497
0.01706623483 -0.05144780534 -0.07484278689 0.04178752179
0.01595175789 -0.04881150289 -0.07313569942 0.01320039963
0.0147502654 -0.04610019028 -0.07161532475 -0.02091912293
0.01347734318 -0.0433240455 -0.07028152526 -0.0579854726
0.01214984968 -0.0404914343 -0.06913246443 -0.09497618576
0.01078572719 -0.03760886968 -0.06816492498 -0.1289927377
0.009403638696 -0.03468122867 -0.06737453899 -0.1577959484
0.008022454991 -0.03171216349 -0.06675589583 -0.1802043181
0.006660642322 -0.0287046074 -0.06630251085 -0.1968488143
0.005335609028 -0.02566125526 -0.06600665933 -0.2095323478
0.004063070842 -0.02258491373 -0.06585911001 -0.2201621683
0.002856490379 -0.01947865163 -0.06584881876 -0.2306016705
0.001726645087 -0.0163457385 -0.06596266183 -0.2423767293
0.0006813722693 -0.01318941399 -0.06618528837 -0.256587757
-0.0002744707614 -0.01001257539 -0.06649915486 -0.2736358696
-0.001138813036 -0.006817490115 -0.066884772 -0.2932699928
-0.001911954551 -0.003605628068 -0.06732115715 -0.3147645751
-0.002595973524 -0.0003776745325 -0.06778645453 -0.3371299321
-0.003194032291 0.002866270557 -0.06825866366 -0.3594596077
-0.003709676739 0.006126350142 -0.06871641123 -0.3811041246
-0.004146227544 0.009402542869 -0.06913970353 -0.4015324393
-0.004506348681 0.0126942824 -0.06951060542 -0.4203800975
-0.004791850186 0.01600018035 -0.06981380315 -0.4369912399
-0.005003745265 0.019317902 -0.07003702204 -0.4498888231
-0.005142542159 0.02264421198 -0.07017128618 -0.4576800519
-0.005208714873 0.02597517834 -0.07021102414 -0.4590631407
-0.005203269044 0.02930650436 -0.0701540395 -0.4537052717
-0.005128304579 0.03263394346 -0.07000137568 -0.4574791814
-0.002705376127 0.03562712295 -0.06862268967 -0.5627368781
5.156858804e-05 0.03837238305 -0.06729749539 -0.661765997
0.002856314247 0.04109219207 -0.06602110273 -0.7578515677
0.005669349313 0.04383191377 -0.06480726311 -0.863392035
0.00848273882 0.04659663326 -0.06365159093 -1.008384605
0.01132057965 0.04933481231 -0.06249115335 -1.232268778
0.01434208682 0.05168324341 -0.06101525443 -1.491747662
0.01680494918 0.05133481558 -0.05879666199 -1.64425136
0.01914387065 0.04999586036 -0.05683390804 -1.783399769
0.02119614154 0.04790205111 -0.05524156475 -1.895838921
0.02289411684 0.04528540516 -0.05405258499 -1.974646024
0.0242354662 0.04233512438 -0.05324680557 -2.017500866
0.02525331318 0.03918829438 -0.05277720623 -2.026979387
0.02599364519 0.0359356946 -0.05258737148 -2.009752558
0.02650262316 0.03263321853 -0.0526215445 -1.97349626
0.02682240188 0.02931315626 -0.0528302021 -1.926881747
0.02698988288 0.02599276376 -0.05317210635 -1.879687928
0.02703647832 0.02268016788 -0.05361411642 -1.841664829
0.02698820342 0.01937819864 -0.05412994116 -1.820407881
0.02686583277 0.01608679038 -0.05469864899 -1.819814611
0.02668520276 0.01280448109 -0.0553034797 -1.840319669
0.02645779906 0.009529360082 -0.0559311887 -1.879780285
0.02619163139 0.006259656257 -0.05657184442 -1.933986054
0.02589226152 0.002994057825 -0.05721881237 -1.997114723
0.02556382781 -0.0002681833242 -0.05786866133 -2.062498865
0.02520996332 -0.003527304017 -0.05852085814 -2.123404184
0.02483456325 -0.006783175093 -0.05917727248 -2.173853581
0.0244423379 -0.01003544565 -0.05984167888 -2.209454428
0.02403913906 -0.01328363326 -0.06051937302 -2.228284887
0.02363208015 -0.01652712078 -0.06121697566 -2.230906149
0.02322950069 -0.01976504715 -0.06194243146 -2.219138988
0.02284089638 -0.02299610202 -0.06270514058 -2.195530576
0.02247673499 -0.02622009643 -0.06351665572 -2.162577944
0.0221167893 -0.02943508778 -0.06436780499 -2.120643479
0.02176700617 -0.03264352705 -0.0652474484 -2.071476143
0.02143364478 -0.03584832545 -0.06614652231 -2.019242134
0.02112335487 -0.03905214326 -0.06705725641 -1.969242146
0.02084280163 -0.04225741305 -0.06797248369 -1.925889892
0.02059836556 -0.04546642192 -0.06888491477 -1.890680706
0.02039642859 -0.04868143037 -0.06978649945 -1.861835752
0.02024485024 -0.05190468928 -0.07066825016 -1.83449382
0.02015576711 -0.05513797794 -0.07152145323 -1.803556472
0.02014535053 -0.05838235799 -0.07233681417 -1.765819477
0.02022705269 -0.06163792068 -0.07310037367 -1.722052683
0.02043017622 -0.06491866628 -0.07372706201 -1.714440574
0.02116455247 -0.06689951869 -0.07764373866 -1.698098238
0.02192711908 -0.06836971011 -0.08178591761 -1.677005375
0.0226921434 -0.06978534438 -0.08594673137 -1.662562487
0.02345713205 -0.0711951977 -0.09010951559 -1.654674433
0.02421900063 -0.0726027175 -0.09427349601 -1.66645007
0.02456553195 -0.06917641691 -0.09754241147 -1.619860736
0.02405452781 -0.06542244899 -0.1004589093 -1.628543146
0.02328652098 -0.06177020423 -0.1034123177 -1.652902718
0.02243788293 -0.05813840558 -0.1063581765 -1.63711164
0.0215254507 -0.05446469999 -0.1092133845 -1.608672864
0.02060775468 -0.05078679487 -0.1120614955 -1.568176941
0.01968961009 -0.04710841045 -0.1149088372 -1.51466409
0.01877138702 -0.04342988243 -0.1177559651 -1.447784622
0.0178530948 -0.0397512565 -0.1206029449 -1.368323227
0.0169347188 -0.03607254307 -0.1234497874 -1.278563739
0.01601624824 -0.03239366505 -0.1262963892 -1.182453275
0.01509764847 -0.02871348084 -0.1291412619 -1.085463757
0.01417867953 -0.02501773657 -0.1319657298 -0.9939680299
0.01326153837 -0.02114175786 -0.1345311712 -0.9100808129
0.0123462675 -0.01460696961 -0.1337476491 1.284236996
0.01139186267 -0.01741986434 -0.1272830018 1.31961666
0.01048682241 -0.02046587552 -0.1209147735 1.337036026
0.009582948682 -0.02351699924 -0.1145488334 1.339834348
0.008693965505 -0.02651976552 -0.1082851171 1.3405055
0.007801846421 -0.02953100367 -0.1020020416 1.335884698
0.006909687265 -0.032542104 -0.09571890777 1.329793442
0.006017473031 -0.03555298175 -0.08943567502 1.324150085
0.005124129736 -0.03855828795 -0.0831499349 1.318840371
0.004183892055 -0.04132346039 -0.07676468339 -0.8397552584
0.003280851748 -0.03487362679 -0.07599237271 -0.8529735376
0.00250953393 -0.02810321917 -0.07567934963 -0.8743622995
0.001742321063 -0.02133360804 -0.07538249698 -0.9061384782
0.0009752399678 -0.01456790564 -0.07509366123 -0.9483621461
0.0002089098451 -0.00780858547 -0.07481658554 -0.9990674726
-0.0005558361106 -0.00105846042 -0.07455493213 -1.054719139
-0.001318952344 0.00567948707 -0.07431116016 -1.111164366
-0.00208215217 0.01240250171 -0.07408554482 -1.164706665
-0.00284909607 0.01910861022 -0.07387563111 -1.212809366
-0.003624447768 0.02579708579 -0.07367571514 -1.2541442
-0.004425805455 0.03246518475 -0.07342901183 -1.290630609
-0.005654329073 0.03823869059 -0.07139434659 -1.317614062
-0.007038601485 0.04361759478 -0.06871970942 -1.349511769
-0.008485 0.04898208741 -0.06605912843 -0.494347148
-0.008485 0.03726208741 -0.07357412843 0