0.003732539094 -0.1443590992 -0.06384018895 0
0.003434945438 -0.1415308192 -0.06549197071 1.782850315e-06
0.003137462881 -0.138700257 -0.06714313764 6.795942897e-07
0.002764902496 -0.1345521522 -0.06745104587 -2.310806431e-07
0.002431172129 -0.1303807285 -0.06738558645 -3.572105831e-08
0.002087122318 -0.1262109521 -0.06736155338 2.598796793e-08
0.001692363205 -0.1220503584 -0.06738074713 9.439697635e-08
0.001238225144 -0.117914559 -0.067301275 1.406460815e-07
0.0007479752018 -0.1138358467 -0.06699126337 4.346359129e-08
0.000253871012 -0.1098529587 -0.06643317828 -1.2112269e-07
-0.0002236910013 -0.1059823065 -0.06572713951 -1.742714525e-07
-0.0006770676825 -0.1022130057 -0.06500670476 6.788208607e-09
-0.001103031914 -0.09852423691 -0.0643739689 5.025167596e-07
-0.001497671774 -0.09489668905 -0.06389430218 9.663541911e-07
-0.001853768959 -0.09131678489 -0.06359968861 7.844347804e-07
-0.002162026438 -0.08777642171 -0.06348677274 1.698975296e-07
-0.002416080819 -0.08426919399 -0.06352046968 -3.039902377e-07
-0.002617654815 -0.08078733036 -0.06364430151 -3.773933781e-07
-0.002778350096 -0.07732177218 -0.06378722917 -1.357878072e-07
-0.00291357314 -0.07386531178 -0.06387476276 -2.744815303e-09
-0.003021347234 -0.07041581625 -0.06385384479 -1.123698391e-07
-0.003041377572 -0.06693090998 -0.06368968986 -1.563345082e-07
-0.002865673991 -0.06346889604 -0.06336956569 -2.705619159e-07
-0.002420707636 -0.06005654797 -0.06288297607 2.510653105e-08
-0.001779453519 -0.05670241296 -0.06225312622 1.153633441e-06
-0.001140702041 -0.05336327185 -0.06155643544 1.948168048e-06
-0.000678141562 -0.0499889772 -0.06090070705 1.591882998e-06
-0.0004705024886 -0.04656362971 -0.06040118861 -3.943932858e-07
-0.0005267960679 -0.04310407526 -0.06013853659 -2.012386526e-06
-0.0007774444724 -0.03964021972 -0.06009629367 -2.320960399e-06
-0.001095459427 -0.03618647945 -0.06017274359 2.181000943e-06
-0.001633948514 -0.03268876685 -0.06001958797 7.131337395e-07
-0.002038774628 -0.02917207986 -0.05964488903 -1.807512369e-06
-0.002198818913 -0.0256285309 -0.05905195198 -1.707556007e-07
-0.002268125596 -0.02207536337 -0.05820556465 -3.999600154e-06
-0.002512465499 -0.01857306719 -0.05692296108 -7.142329599e-06
-0.003026684133 -0.01523889272 -0.05502246092 8.650794742e-06
-0.00357668767 -0.01201084074 -0.05265066496 1.272973852e-06
-0.003698481292 -0.008546942715 -0.050316669 -7.156992359e-05
-0.002947588304 -0.004621020194 -0.04893843688 -0.0001135971814
-0.0009417903594 -0.0007984815146 -0.04924837118 7.951497367e-05
0.002504687653 0.001525056658 -0.05074009739 9.134018429e-05
0.006960955239 0.001822572974 -0.05210074767 -9.374414505e-06
0.01121089953 0.002479865653 -0.05357770781 1.318910329e-05
0.01479044628 0.003864171348 -0.05575181582 2.91912798e-05
0.01732644798 0.006148428516 -0.05840120626 2.190546744e-05
0.01870414217 0.00924837645 -0.06104165679 -3.179004604e-05
0.01928992339 0.01304844753 -0.06298360036 -3.897966385e-05
0.0193995841 0.01729712619 -0.06388920494 -3.45625608e-06
0.01937141443 0.02164646133 -0.06415997097 2.544525128e-06
0.01939851623 0.02596792972 -0.06421663143 1.101822171e-06
0.01950848067 0.03020974774 -0.06420902616 8.660732115e-08
0.01961957403 0.03434999911 -0.06418837061 -9.240082001e-08
0.01971125611 0.03837298636 -0.06413829361 9.760505623e-07
0.01976347232 0.04226535526 -0.06390192126 5.778756876e-07
0.01969896109 0.0460158726 -0.06337359544 7.692646538e-08
0.01944421941 0.04963075244 -0.06264553546 1.318648258e-06
0.0191862044 0.05316986388 -0.06194384277 1.440064673e-06
0.01928820514 0.05667751553 -0.06142461456 -6.569936078e-08
0.01996480066 0.06009731434 -0.06109926976 -1.336003435e-06
0.02116443862 0.06335791604 -0.06081988631 -1.116163193e-06
0.02267503743 0.06648883632 -0.06051480539 -5.934577645e-07
0.02428647035 0.06958639667 -0.06028564846 -7.582987744e-07
0.02586226704 0.07271956911 -0.06025974069 -5.910750505e-07
0.02732626194 0.07590333933 -0.06047349834 4.755782434e-07
0.02869955905 0.07909540226 -0.0606426507 -3.862640701e-07
0.03009361805 0.08226259445 -0.06046236526 -1.248730337e-07
0.03146978007 0.0853593652 -0.05975990971 1.135124166e-06
0.03273972345 0.08826824432 -0.05836823128 -3.462203108e-07
0.03380610989 0.0906432241 -0.05576031233 -5.577712442e-07
0.03423805222 0.09129389053 -0.05209655411 9.971690239e-07
0.03352082277 0.08893262109 -0.04942334046 1.634400378e-06
0.03216583458 0.0853091992 -0.0486948463 -9.471014615e-07
0.03081983165 0.08166486875 -0.04880309694 -1.411259612e-07
0.02950591204 0.07802162002 -0.04934629909 -1.228047276e-07
0.02820616964 0.07439922223 -0.05017184511 -1.2434015e-07
0.0269023573 0.0707618191 -0.05103036112 5.811518805e-07
0.0256027463 0.06705040779 -0.05165842425 5.462286291e-07
0.02431599266 0.06326323824 -0.05199106438 1.170979651e-07
0.02296846418 0.05945548832 -0.05221061427 4.242043325e-07
0.02140412297 0.05571021861 -0.05251092465 -1.414414689e-09
0.01954027616 0.05209134506 -0.05295773265 -2.054490808e-06
0.01753991 0.04855006432 -0.05368731897 1.532491207e-07
0.01574454902 0.04494326316 -0.05486069126 2.271364518e-06
0.0142860453 0.04121387216 -0.05644391513 -2.079934677e-06
0.01299447139 0.03727146108 -0.05806881746 -6.247260627e-07
0.01189498688 0.0329902323 -0.0594320981 5.158172366e-06
0.01110675516 0.02838633509 -0.06048408951 4.227117179e-06
0.01073265334 0.02358739092 -0.06132931986 9.122838649e-06
0.01065489812 0.01869413844 -0.0617625162 -3.708568335e-06
0.01032744094 0.01380251294 -0.0618328708 -1.745798252e-05
0.009183311254 0.009013099073 -0.06172393256 4.11459798e-06
0.006561990448 0.00479920141 -0.06114161956 -6.525950176e-07
0.0024160371 0.001970860431 -0.06015427512 -9.847959084e-06
-0.002664630841 0.001165959337 -0.05855029257 -0.0001223274237
-0.007019886189 -0.001978564447 -0.05678286824 -1.688400306e-05
-0.009371259684 -0.007558680029 -0.05804625662 6.615373382e-05
-0.008692258492 -0.01297682602 -0.06185305725 5.476136506e-05
-0.004891924172 -0.01487003118 -0.066725122 1.69854909e-05
-0.0007152647391 -0.01275285786 -0.07159775592 2.240497631e-05
0.003556330872 -0.007978185665 -0.07622668886 3.62722316e-06
0.007381780109 -0.00149619837 -0.07822397922 -0.0001701251612
0.008106530022 0.005527461986 -0.07537476146 -4.914480166e-05
0.004676594362 0.00905069763 -0.0699002171 8.03190516e-05
-0.002114297738 0.008050162756 -0.06534059615 -1.957962741e-05
-0.003384042605 0.01113311485 -0.06534104069 -9.885094796e-08
-0.004815918199 0.01413914708 -0.06549486019 -5.616657729e-10
-0.006277202743 0.01711812238 -0.06581199357 -4.237368693e-12
-0.007751335866 0.02006753977 -0.06630003395 -3.503642369e-14
-0.009219888757 0.02298519543 -0.06696415345 -2.688312476e-16
-0.01066333115 0.02586889585 -0.06780750515 -1.844492482e-18
-0.01206191577 0.02871592193 -0.06883168041 -1.142747362e-20
-0.01339655506 0.03152235998 -0.07003714447 -6.490621019e-23
-0.01464957677 0.03428245805 -0.07142357452 -3.430904889e-25
-0.01580527052 0.0369881551 -0.07299002864 -1.708288011e-27
-0.01685018394 0.03962889505 -0.07473490143 -8.088329602e-30
-0.01777317363 0.04219178343 -0.07665565322 -3.668931653e-32
-0.01856526196 0.04466208811 -0.07874835474 -1.603903076e-34
-0.01921938342 0.04702403828 -0.08100714286 -6.789666641e-37
-0.01973011772 0.04926183094 -0.08342372338 -2.794108648e-39
-0.02009350388 0.05136071831 -0.08598706633 -1.121401119e-41
-0.02030701062 0.05330803047 -0.08868340892 -4.401186984e-44
-0.02036970647 0.05509399113 -0.09149662176 -1.692996025e-46
-0.02028262943 0.05671222226 -0.09440892342 -6.39528026e-49
-0.02004930172 0.05815988682 -0.09740186603 -2.376308642e-51
-0.0196762821 0.05943748684 -0.1004574691 -8.697836469e-54
-0.01917361256 0.0605483799 -0.1035593522 -3.140006674e-56
-0.01855501606 0.06149811389 -0.1066937041 -1.119284325e-58
-0.01783774493 0.06229368789 -0.1098499351 -3.943345653e-61
-0.01704205119 0.06294284527 -0.1130209029 -1.374298131e-63
-0.01619032528 0.06345348718 -0.1162026736 -4.741608399e-66
-0.01530599998 0.0638332542 -0.1193938793 -1.620694776e-68
-0.01441233411 0.06408927886 -0.1225948081 -5.491354274e-71
-0.01353117987 0.06422805541 -0.1258064177 -1.845463631e-73
-0.01268182169 0.0642553443 -0.1290294455 -6.154614654e-76
-0.01187996271 0.06417602497 -0.132263746 -2.037822796e-78
-0.01113693232 0.06399385569 -0.1355079092 -6.701697008e-81
-0.01045918689 0.06371115945 -0.1387591461 -2.189892483e-83
-0.009848160709 0.06332852523 -0.1420133698 -7.112683635e-86
-0.009300491538 0.06284464277 -0.1452653821 -2.296983705e-88
-0.008808594988 0.06225638171 -0.148509078 -7.377792429e-91
-0.008361509957 0.06155916053 -0.1517376124 -2.357543736e-93
-0.007945900017 0.06074756435 -0.1549435166 -7.496693335e-96
-0.00754708876 0.05981608867 -0.158118779 -2.372793829e-98
-0.007150033163 0.05875983517 -0.1612549188 -7.476985074e-101
-0.006740188537 0.05757500239 -0.1643430542 -2.346163833e-103
-0.006304272813 0.05625907368 -0.1673739562 -7.332266062e-106
-0.00583097556 0.05481069866 -0.1703380647 -2.282670655e-108
-0.00531166201 0.05322935153 -0.1732254657 -7.080199404e-111
-0.00474108996 0.0515148983 -0.1760258638 -2.188327608e-113
-0.004118098514 0.04966721435 -0.1787286014 -6.740732966e-116
-0.003446165272 0.04768596347 -0.18132277 -2.069614556e-118
-0.002733689714 0.04557060733 -0.1837974246 -6.334549017e-121
-0.001993863951 0.04332067335 -0.1861418668 -1.933032358e-123
-0.001244039719 0.04093626424 -0.1883459456 -5.881797448e-126
-0.0005045791695 0.03841874817 -0.1904003417 -1.784743219e-128
0.0002027323929 0.03577151207 -0.1922968407 -5.401073077e-131
0.0008565487456 0.03300060661 -0.1940286425 -1.630284685e-133
0.001437868559 0.03011508964 -0.1955907469 -4.908661254e-136
0.001931716402 0.02712691341 -0.1969804118 -1.474392786e-138
0.002328343432 0.02405030787 -0.1981976063 -4.418207349e-141
0.00262376861 0.02090075604 -0.199245329 -1.320969347e-143
0.002819612616 0.0176937778 -0.2001296585 -3.940791601e-146
0.002922326697 0.0144437855 -0.2008594512 -1.173135626e-148
0.002942036236 0.01116322962 -0.2014456798 -3.485110397e-151
0.002891266785 0.007862148065 -0.2019004788 -1.033278346e-153
0.00278379189 0.004548115009 -0.2022360121 -3.057585763e-156
0.002633761602 0.0012265063 -0.2024632946 -9.030827955e-159
0.002455173275 -0.002099035915 -0.202591101 -2.660408736e-161
0.00226166277 -0.005426041651 -0.2026250761 7.069880309e-162
0.002066538447 -0.008752623057 -0.2025671418 2.435537543e-159
0.001882952506 -0.01207688334 -0.2024152685 8.284434431e-157
0.001724094327 -0.01539632977 -0.2021636423 2.813064379e-154
0.001603290972 -0.01870729404 -0.2018032208 9.535007438e-152
0.0015339081 -0.02200438658 -0.20132263 3.225981972e-149
0.001528966298 -0.02528004895 -0.2007093083 1.089373274e-146
0.001600432575 -0.02852430213 -0.1999507708 3.67146415e-144
0.001758218922 -0.03172480014 -0.1990358377 1.234875969e-141
0.002009010598 -0.03486726833 -0.1979556659 4.144788273e-139
0.002355132586 -0.03793632826 -0.1967044435 1.388191565e-136
0.002793707517 -0.04091660363 -0.1952796701 4.63913055e-134
0.003316336556 -0.04379390127 -0.1936820316 1.546800551e-131
0.003909440949 -0.04655621738 -0.1919149745 5.145297924e-129
0.00455526506 -0.04919435977 -0.1899841453 1.707380257e-126
0.005233407065 -0.05170209047 -0.1878968558 5.651393061e-124
0.005922649849 -0.05407583237 -0.1856616722 1.865715561e-121
0.006602829117 -0.05631408652 -0.1832881336 6.142661047e-119
0.007256491572 -0.05841674202 -0.1807865325 2.016707808e-116
0.007870149512 -0.06038443402 -0.1781676841 6.601709082e-114
0.008435019636 -0.06221804686 -0.175442643 2.154496392e-111
0.008947229984 -0.0639184079 -0.1726223966 7.009017387e-109
0.009407572726 -0.06548618359 -0.1697175967 2.272652806e-106
0.009820947082 -0.06692196737 -0.1667383898 7.343659083e-104
0.01019565359 -0.06822652657 -0.1636943664 2.364449942e-101
0.01054266777 -0.06940113821 -0.1605945997 7.584311439e-99
0.01087495064 -0.07044791058 -0.1574477197 2.423236595e-96
0.01120678029 -0.07136996936 -0.1542619733 7.710611371e-94
0.01155303904 -0.07217140973 -0.1510452474 2.442917981e-91
0.01192838584 -0.07285697977 -0.1478050579 7.704835034e-89
0.01234628257 -0.0734315431 -0.1445485112 2.418536669e-86
0.01281791023 -0.07389944131 -0.1412822298 7.553878684e-84
0.01335108141 -0.07426390956 -0.1380122263 2.346931309e-81
0.01394930066 -0.07452667162 -0.1347437096 7.251365631e-79
0.01461112572 -0.07468777635 -0.1314808514 2.227377731e-76
0.01532993909 -0.07474565168 -0.12822658 6.799488189e-74
0.01609416525 -0.07469729015 -0.1249824998 2.062086248e-71
0.01688789277 -0.07453845902 -0.1217490368 6.210265528e-69
0.01769180763 -0.07426385658 -0.118525865 1.856493315e-66
0.01848432349 -0.07386719761 -0.1153126091 5.506102012e-64
0.01924280038 -0.07334127773 -0.1121097418 1.619305794e-61
0.01994475815 -0.07267810755 -0.1089195373 4.719422921e-59
0.02056900054 -0.07186920899 -0.1057469072 1.362191339e-56
0.02109656601 -0.07090612549 -0.102599953 3.890972256e-54
0.02151142282 -0.06978113682 -0.09949011723 1.098988216e-51
0.02180084533 -0.06848810393 -0.09643189146 3.066498018e-49
0.02195545243 -0.06702332542 -0.09344212384 8.444121894e-47
0.02196895229 -0.06538626928 -0.09053903746 2.291992198e-44
0.02183769937 -0.06358005484 -0.0877411122 6.12389466e-42
0.0215602039 -0.06161159199 -0.08506599097 1.608108982e-39
0.02113673091 -0.05949133357 -0.08252955461 4.142675512e-37
0.02056908369 -0.05723265597 -0.0801452756 1.044692331e-34
0.0198606052 -0.05485093862 -0.07792390768 2.572324679e-32
0.01901636803 -0.05236246206 -0.07587351069 6.165307337e-30
0.01804347483 -0.04978326757 -0.07399974628 1.432984113e-27
0.01695136631 -0.04712812815 -0.07230633692 3.214816513e-25
0.01575203059 -0.04440975913 -0.0707955578 6.920292501e-23
0.01446002534 -0.04163836426 -0.06946864373 1.418383495e-20
0.01309225558 -0.03882156102 -0.06832602665 2.739397913e-18
0.01166749039 -0.03596466899 -0.06736736749 4.920547632e-16
0.01020564601 -0.03307128138 -0.06659139303 8.029081465e-14
0.008726902062 -0.03014397867 -0.06599558294 1.149438883e-11
0.007250752799 -0.02718501626 -0.06557577666 1.351786487e-09
0.005795115203 -0.02419682608 -0.0653257773 1.111145345e-07
0.004375618481 -0.02118222908 -0.06523702588 2.573789957e-06
0.003825671676 -0.01794874774 -0.06466763712 -1.732528199e-05
0.00759739344 -0.01371616995 -0.06461291313 6.515880992e-08
0.008821614535 -0.008351751592 -0.06587783111 9.01540515e-06
0.006790970403 -0.003417740948 -0.06765821864 3.193903302e-05
0.002669505104 -0.0005177949186 -0.06959668242 -0.000173813224
-0.001333077833 0.001238183531 -0.0731449902 3.705299954e-05
-0.002295008379 0.006590357256 -0.07670087146 0.0002350759101
-0.0009187928805 0.01330874055 -0.07623454368 3.967623561e-05
0.001489293885 0.01826629864 -0.07200300091 -4.777406487e-05
0.00242824307 0.02076458813 -0.06569312078 -9.328912515e-06
0.0005052884875 0.01987702383 -0.05811767147 5.719503412e-05
-0.0001020746968 0.01786791631 -0.05047422892 3.289120449e-05
0.0009767699932 0.01348958149 -0.04478041574 -4.136138146e-05
0.003961483485 0.00620633694 -0.0419310519 -1.662290723e-05
0.006724110342 -0.001943129878 -0.04244793272 8.293275576e-06
0.00683569918 -0.007080736489 -0.04794627529 -2.152732967e-05
0.004059589831 -0.007750609177 -0.05554198063 1.613515376e-05
0.0002493793378 -0.007138649017 -0.06200369138 -2.968008278e-06
-0.004296841358 -0.005232180344 -0.06613217342 -0.000105288209
-0.007999817176 -0.005631150198 -0.07066714214 -2.773302442e-05
-0.01028835719 -0.009543271995 -0.07422716715 7.935041476e-05
-0.009746897194 -0.01508123637 -0.07549137118 5.114584539e-05
-0.007077642531 -0.02017308173 -0.07469720559 5.790515727e-06
-0.004056075176 -0.02484756183 -0.0727983905 3.773273123e-06
-0.001306476404 -0.02941191103 -0.07046596374 1.14254961e-05
0.001171779965 -0.03422843914 -0.06885940942 3.367086074e-06
0.003079434105 -0.03929706205 -0.06845678883 -2.681586818e-06
0.004264387497 -0.04432620116 -0.06879665922 1.532598487e-06
0.004732329236 -0.0491614808 -0.06943533258 1.194472529e-06
0.004740248379 -0.0537360533 -0.07018042073 1.522037376e-07
0.004734191821 -0.05809519704 -0.07086881033 -5.272935226e-07
0.004999076212 -0.06231334404 -0.07136198503 -4.397951381e-07
0.005532527104 -0.06642853953 -0.07164223728 -4.5763329e-08
0.006184957967 -0.07047137251 -0.07182015588 1.170576313e-07
0.006820431265 -0.07446913781 -0.07206274469 2.561203187e-07
0.007379538325 -0.07842912745 -0.07249077261 1.035704142e-05
0.007842848486 -0.08234173636 -0.0730981611 7.736299909e-06
0.006941648388 -0.08558493172 -0.0733223217 1.374579828e-06
0.004993858018 -0.08833190349 -0.0732989054 -4.34002288e-06
0.002363550297 -0.09042853086 -0.07313451171 -7.515792828e-06
-0.0006385743467 -0.09194093735 -0.07289990699 -8.144889745e-06
-0.003828197345 -0.09298437718 -0.07258965171 -5.511607148e-06
-0.007110048287 -0.09362375229 -0.07217539237 -1.107265699e-06
-0.01042734916 -0.09390896744 -0.07167005714 1.329273898e-06
-0.01375110166 -0.09393342384 -0.07113973753 1.223361294e-06
-0.01708078989 -0.09381895259 -0.07068646642 3.097802873e-07
-0.0204238127 -0.09364546519 -0.07043904975 4.879853399e-07
-0.02376371786 -0.0933886467 -0.07052456754 1.392469787e-06
-0.02704030788 -0.09290613493 -0.07101165929 1.356538941e-06
-0.03013642261 -0.09198844616 -0.0718871648 1.402133268e-07
-0.03286386641 -0.09046537322 -0.07307804558 -8.946234795e-07
-0.03501419201 -0.08832570252 -0.07447694099 -9.243202969e-07
-0.03648907738 -0.08573421555 -0.07598162324 -4.977338499e-07
-0.03734202006 -0.08290865357 -0.07754511124 -2.264028487e-07
-0.03765361861 -0.08000780975 -0.07916763713 -1.953049927e-08
-0.03742764534 -0.07711730681 -0.08081627568 3.157980479e-07
-0.03664379997 -0.07426864914 -0.08235838058 5.08928176e-07
-0.03536707874 -0.07144821105 -0.08358866224 2.279169943e-07
-0.03376382676 -0.06861952179 -0.08431031512 -1.834855557e-07
-0.03201858799 -0.06578433923 -0.08438825282 -3.733611264e-07
-0.03025408344 -0.06303049617 -0.08375674563 -6.828534784e-07
-0.02852760287 -0.06050878871 -0.08242347014 -1.603983954e-06
-0.02684135521 -0.05836063946 -0.08050174788 -2.559289474e-06
-0.02516946195 -0.05666536331 -0.07815389618 -1.772124859e-06
-0.02352929524 -0.05545189244 -0.0755011479 7.668066779e-07
-0.02203039037 -0.05470823303 -0.07260237735 1.553875747e-06
-0.02080138646 -0.0543372452 -0.06951205616 -1.174498419e-06
-0.01978928274 -0.05408977587 -0.06633354644 -1.780230835e-06
-0.01861943405 -0.05357288278 -0.06325654998 3.810277383e-06
-0.01679866419 -0.05242932516 -0.06073684983 7.443098596e-06
-0.01431003144 -0.05066709879 -0.05953840429 4.687699243e-06
-0.01177274681 -0.04866915983 -0.06007318271 -5.030360004e-06
-0.00981876877 -0.04680701109 -0.06197051006 -3.925658318e-06
-0.008461092482 -0.04512537492 -0.06451919306 -7.764403091e-07
-0.00733929944 -0.0434963396 -0.06724459945 -2.134882462e-06
-0.006234476075 -0.04182579703 -0.06998173636 -2.561719241e-06
-0.005223437877 -0.04004816073 -0.07271763127 -1.132790257e-05
-0.004625119727 -0.03803353651 -0.07542554177 -3.584326925e-05
-0.004898121699 -0.0356969899 -0.07792688733 -3.984254475e-05
-0.006250243506 -0.03315478308 -0.0798658302 -1.095985035e-05
-0.008352780149 -0.03048144963 -0.08085321054 9.988747787e-05
-0.01160279659 -0.02623132981 -0.07995392035 3.527496718e-05
-0.01744400988 -0.0225610693 -0.07653078009 1.616710954e-06
-0.01819619994 -0.01625846516 -0.07160892855 1.346462072e-05
-0.01672573157 -0.009246626386 -0.0674235727 2.680684977e-06
-0.0148916181 -0.001929147436 -0.06389339446 1.044105252e-05
-0.01198132317 0.005142936704 -0.06045168155 7.011751212e-05
-0.006385058909 0.009966842979 -0.05686705017 1.079679193e-05
0.001259254914 0.009708281192 -0.05510872543 3.200312625e-05
0.007634397971 0.01108783782 -0.05262015645 5.542145812e-05
0.01329745569 0.01503145259 -0.05300807919 -6.134674576e-05
0.01273888783 0.02011075711 -0.05252361859 -8.536235191e-06
0.01064289928 0.02473612245 -0.05188810105 4.127428864e-06
0.00810331737 0.0292427765 -0.05159524511 7.004514091e-06
0.0061989912 0.03409638565 -0.05207965758 -2.96970412e-06
0.005198615334 0.03914161964 -0.05339827685 -5.012551801e-06
0.004836750484 0.04412717606 -0.0555066858 4.086994709e-07
0.004526740598 0.04914946223 -0.05787987784 1.680597566e-06
0.003694844489 0.05444201654 -0.0598090708 -1.931597744e-07
0.002222837055 0.05996177035 -0.06087626182 -3.785920494e-07
0.0004803194052 0.06558657557 -0.06122904534 -4.27669438e-08
-0.001117714864 0.07130921787 -0.06128664675 5.519387144e-08
-0.002504226502 0.0771055731 -0.06129721524 -2.36164547e-07
-0.003806553468 0.08293017692 -0.06121414633 -6.895098765e-07
-0.004493 0.08787322076 -0.06070136371 0
